8 0.3570188492063492 0.8059986772486772 0.1783234126984127 0.3798544973544974
8 0.6851438492063492 0.5813921957671958 0.13516865079365079 0.21834325396825396
8 0.4616815476190476 0.5076752645502646 0.0900297619047619 0.1965707671957672
8 0.19010416666666666 0.562228835978836 0.10739087301587301 0.1667824074074074
8 0.8204365079365079 0.4758928571428571 0.10069444444444445 0.15946097883597882
4 0.7309027777777778 0.3907804232804233 0.07539682539682539 0.09174272486772488
4 0.6059027777777778 0.4231746031746032 0.07341269841269842 0.10362433862433863
4 0.7848462301587301 0.33358796296296295 0.06671626984126984 0.08979497354497355
4 0.7239583333333334 0.319047619047619 0.051587301587301584 0.060714285714285714
4 0.6765873015873016 0.34730820105820104 0.05109126984126984 0.0940839947089947
4 0.5558035714285714 0.3678042328042328 0.07242063492063493 0.08217261904761905
0 0.4802827380952381 0.35094907407407405 0.0726686507936508 0.05507275132275132
4 0.29836309523809523 0.41738425925925926 0.1130952380952381 0.12842261904761906
4 0.15848214285714285 0.44465939153439155 0.1111111111111111 0.1267526455026455
4 0.3855406746031746 0.38895833333333335 0.061755952380952384 0.11125
0 0.4324156746031746 0.3230092592592593 0.06125992063492063 0.09509259259259259
4 0.5539434523809523 0.30317791005291006 0.036458333333333336 0.0686574074074074
4 0.23102678571428573 0.401031746031746 0.05530753968253968 0.06595238095238096
4 0.6385168650793651 0.3185515873015873 0.051835317460317464 0.05641534391534391
8 0.5688244047619048 0.5153968253968254 0.10590277777777778 0.1624107142857143