4 0.7169320436507937 0.7987400793650793 0.15740823412698413 0.3064748677248677
4 0.9332018849206349 0.8503075396825397 0.13359623015873015 0.29938161375661376
4 0.8885590277777778 0.7161144179894181 0.10383680555555556 0.13999007936507937
4 0.9353497023809524 0.6113293650793651 0.0882936507936508 0.08694444444444445
4 0.7949727182539682 0.5538095238095239 0.05555555555555555 0.06450066137566138
4 0.8277108134920634 0.5211904761904762 0.04828125 0.07862433862433862
4 0.7810838293650794 0.6064847883597884 0.06746031746031746 0.06843253968253968
4 0.9608134920634921 0.5366170634920635 0.06646825396825397 0.09183862433862434
4 0.7172619047619048 0.5155720899470899 0.04563492063492063 0.07400132275132275
4 0.7592584325396825 0.511385582010582 0.04365079365079365 0.07003637566137566
4 0.682125496031746 0.5512731481481481 0.06961061507936508 0.09249007936507936
4 0.631282242063492 0.6133101851851852 0.09193204365079366 0.10413359788359787
4 0.5498511904761905 0.7068485449735451 0.08283730158730158 0.2008234126984127
4 0.449734623015873 0.6428240740740742 0.0859796626984127 0.2248875661375661
4 0.5306721230158731 0.5593154761904762 0.07093253968253968 0.09755621693121692
4 0.5886235119047619 0.5238359788359788 0.046297123015873014 0.08391203703703703
4 0.6320262896825397 0.5085218253968254 0.032242063492063495 0.06871693121693122
4 0.3382118055555556 0.6276289682539683 0.10664682539682539 0.20675595238095237
4 0.35912698412698413 0.5260515873015873 0.05026537698412698 0.06973875661375661
4 0.41997271825396826 0.5380555555555555 0.06613839285714286 0.10036375661375661
4 0.3898809523809524 0.49607804232804237 0.04563492063492063 0.07152116402116403
4 0.43593005952380953 0.47723875661375664 0.030257936507936508 0.04927248677248677
4 0.5636582341269841 0.4713988095238095 0.039352678571428566 0.03979828042328042
4 0.30357142857142855 0.5048941798941798 0.051587301587301584 0.05388227513227513
4 0.2757936507936508 0.5765079365079365 0.06878224206349207 0.1397883597883598
4 0.21420386904761904 0.5236276455026455 0.05968998015873016 0.0692989417989418
4 0.2731473214285714 0.47800925925925924 0.03703621031746032 0.04420304232804233
4 0.31746031746031744 0.46588955026455026 0.033067956349206354 0.03319113756613757
4 0.35119047619047616 0.4522255291005291 0.027777777777777776 0.04113425925925926
4 0.4124503968253968 0.44803571428571426 0.029595734126984127 0.045985449735449734
4 0.2854662698412698 0.4441798941798942 0.02695188492063492 0.036068121693121694
6 0.23974950396825395 0.47668650793650796 0.02976190476190476 0.04155753968253968
3 0.13120039682539683 0.6111838624338625 0.07886904761904762 0.37007605820105816