3 0.8779761904761905 0.6117724867724867 0.20337301587301587 0.36044973544973546
2 0.1974826388888889 0.7047784391534392 0.15066964285714285 0.24057539682539683
4 0.07006448412698413 0.8196858465608465 0.14012896825396826 0.3562996031746032
4 0.12338789682539683 0.612582671957672 0.09672619047619048 0.1488095238095238
4 0.05084325396825397 0.5807539682539683 0.08680555555555555 0.14136904761904762
4 0.3605530753968254 0.6121693121693121 0.10850694444444445 0.17939814814814814
4 0.43154761904761907 0.5476851851851852 0.0818452380952381 0.199239417989418
4 0.4752604166666667 0.477827380952381 0.03658234126984127 0.1173941798941799
4 0.5071924603174603 0.4455853174603175 0.03720238095238095 0.07605820105820106
4 0.6271701388888888 0.448478835978836 0.05642361111111111 0.0851521164021164
4 0.5695064484126984 0.45054563492063493 0.04898313492063492 0.08928571428571429
4 0.4185267857142857 0.4488921957671958 0.034722222222222224 0.05952380952380952
4 0.24212549603174602 0.5514054232804233 0.08866567460317461 0.09755291005291006
4 0.12338789682539683 0.507175925925926 0.05952380952380952 0.08845899470899471
4 0.07316468253968254 0.4881613756613757 0.05084325396825397 0.08680555555555555
5 0.01488095238095238 0.4947751322751323 0.02976190476190476 0.05869708994708995
5 0.2442956349206349 0.47493386243386243 0.04836309523809524 0.07027116402116403
4 0.3500124007936508 0.4951884920634921 0.06262400793650794 0.07771164021164022
4 0.14043898809523808 0.4654265873015873 0.04154265873015873 0.06944444444444445
0 0.19624255952380953 0.4794808201058201 0.04650297619047619 0.08267195767195767
0 0.023871527777777776 0.4550925925925926 0.03782242063492063 0.04712301587301587
2 0.21391369047619047 0.4443452380952381 0.027281746031746032 0.03885582010582011
4 0.43991815476190477 0.41458333333333336 0.02418154761904762 0.0355489417989418
4 0.32056051587301587 0.4298776455026455 0.023561507936507936 0.03968253968253968
4 0.3385416666666667 0.46418650793650795 0.031001984126984128 0.042162698412698416
4 0.3903149801587302 0.454265873015873 0.032862103174603176 0.06365740740740741