8 0.8327132936507936 0.6646825396825397 0.10540674603174603 0.1984126984126984
4 0.19903273809523808 0.8019179894179894 0.17237103174603174 0.2876984126984127
4 0.482390873015873 0.814318783068783 0.12400793650793651 0.24636243386243387
4 0.6200396825396826 0.6994047619047619 0.12152777777777778 0.23148148148148148
4 0.4017857142857143 0.716765873015873 0.12648809523809523 0.2166005291005291
5 0.3732638888888889 0.6076388888888888 0.06448412698412699 0.10085978835978836
4 0.21515376984126985 0.6324404761904762 0.06324404761904762 0.08763227513227513
4 0.7136656746031746 0.6109457671957672 0.09300595238095238 0.19014550264550265
4 0.6640625 0.5704365079365079 0.04836309523809524 0.12566137566137567
4 0.6094990079365079 0.5563822751322751 0.06324404761904762 0.08432539682539683
4 0.5654761904761905 0.5398478835978836 0.054563492063492064 0.06779100529100529
4 0.5053323412698413 0.6051587301587301 0.07068452380952381 0.10582010582010581
4 0.46378968253968256 0.576223544973545 0.06944444444444445 0.10416666666666667
4 0.5251736111111112 0.5133928571428571 0.05084325396825397 0.05787037037037037
4 0.3428819444444444 0.5588624338624338 0.05580357142857143 0.08928571428571429
4 0.20833333333333334 0.5497685185185185 0.0496031746031746 0.07771164021164022
4 0.4724702380952381 0.4935515873015873 0.04712301587301587 0.06117724867724868
4 0.4303075396825397 0.4695767195767196 0.03720238095238095 0.07275132275132275
4 0.39558531746031744 0.5034722222222222 0.054563492063492064 0.08763227513227513
5 0.31436011904761907 0.47619047619047616 0.043402777777777776 0.03968253968253968
4 0.27839781746031744 0.4861111111111111 0.043402777777777776 0.06613756613756613
4 0.35652281746031744 0.47619047619047616 0.026041666666666668 0.056216931216931214