4 0.8368347338935574 0.8247385620915032 0.16806722689075632 0.2858006535947712
0 0.6109943977591037 0.8072408963585433 0.18557422969187676 0.2741433239962652
4 0.45168067226890757 0.6834500466853408 0.08403361344537816 0.24365312791783378
4 0.5453431372549019 0.6378454715219422 0.0857843137254902 0.14077264239028947
4 0.8529411764705882 0.5328454715219422 0.08123249299719888 0.08950046685340804
4 0.729079131652661 0.5398459383753501 0.06285014005602241 0.09416199813258637
4 0.6221988795518207 0.5287628384687207 0.05392156862745098 0.08833566760037348
4 0.6573004201680672 0.5111461251167133 0.05234593837535014 0.06944444444444445
4 0.49859943977591037 0.5427637721755368 0.04481792717086835 0.07899393090569562
4 0.42366946778711484 0.5689005602240896 0.0350140056022409 0.07524276377217554
4 0.34147408963585435 0.6727217553688142 0.0859593837535014 0.21285714285714286
4 0.20815826330532214 0.6677077497665733 0.0976890756302521 0.19115779645191408
4 0.04823179271708684 0.6863655462184873 0.09121148459383753 0.256484593837535
4 0.24483543417366946 0.4784780578898226 0.039740896358543415 0.060130718954248374
4 0.16885504201680673 0.4931839402427638 0.03483893557422969 0.03818627450980392
4 0.20526960784313725 0.5258520074696545 0.03764005602240896 0.0475
4 0.47015056022408963 0.489561157796452 0.03869047619047619 0.0659593837535014
4 0.20448179271708683 0.4670121381886088 0.023809523809523808 0.03253034547152195
4 0.11782212885154061 0.4860294117647059 0.022058823529411766 0.03555088702147526
6 0.13883053221288516 0.5125093370681606 0.03606442577030812 0.07217086834733893
6 0.0895483193277311 0.47529411764705887 0.03378851540616246 0.042091503267973854
6 0.07335434173669468 0.5091316526610644 0.03816526610644258 0.03973856209150327
6 0.7869397759103641 0.5690966386554622 0.04376750700280112 0.08030345471521942
0 0.813813025210084 0.6165802987861811 0.07125350140056022 0.10290849673202615
6 0.6701680672268907 0.5924206349206349 0.07983193277310924 0.1456279178338002
0 0.6341036414565826 0.6406185807656396 0.09873949579831932 0.09029178338001867
4 0.5428921568627451 0.5211461251167134 0.038865546218487396 0.05676470588235294
4 0.5863095238095238 0.5752707749766574 0.07668067226890757 0.13700513538748832
4 0.32221638655462187 0.5798295985060691 0.06845238095238096 0.09242997198879553
4 0.09086134453781512 0.5771428571428572 0.08018207282913166 0.10340102707749767
4 0.01050420168067227 0.47855975723622785 0.02100840336134454 0.048625116713352005
6 0.2538515406162465 0.5429621848739496 0.05952380952380952 0.07471988795518208
4 0.27345938375350143 0.48229458450046686 0.021708683473389355 0.046755368814192344
4 0.2934173669467787 0.5127380952380953 0.04061624649859944 0.09597338935574229
4 0.3476015406162465 0.4950093370681606 0.03869047619047619 0.0698482726423903
4 0.3176645658263305 0.47505835667600377 0.0313375350140056 0.05562791783380019
4 0.7584033613445378 0.7266013071895425 0.0742296918767507 0.13854341736694678