4 0.21419817927170867 0.8035060690943043 0.17804621848739496 0.27601307189542484
8 0.485031512605042 0.734906629318394 0.13497899159663865 0.23218487394957982
0 0.6207107843137255 0.6267553688141924 0.10871848739495799 0.18161531279178336
8 0.8422619047619048 0.6469327731092437 0.1334033613445378 0.22897292250233425
8 0.7219887955182073 0.555359477124183 0.09943977591036414 0.1228548085901027
0 0.5294117647058824 0.5541946778711485 0.08543417366946779 0.1065219421101774
4 0.38217787114845936 0.5657469654528477 0.08158263305322129 0.0946125116713352
0 0.21673669467787116 0.6075140056022409 0.04831932773109244 0.11745564892623717
4 0.42857142857142855 0.6387791783380019 0.11484593837535013 0.1426377217553688
4 0.21656162464985995 0.4959710550887021 0.051470588235294115 0.1184593837535014
4 0.6593137254901961 0.5027404295051353 0.05112044817927171 0.09932072829131652
4 0.5965511204481793 0.4811554621848739 0.06039915966386555 0.09583333333333334
4 0.5295868347338936 0.44790849673202615 0.061274509803921566 0.06901960784313725
5 0.4884453781512605 0.4279575163398693 0.05952380952380952 0.06413165266106442
4 0.4411764705882353 0.403921568627451 0.04201680672268908 0.05807889822595705
4 0.33587184873949577 0.5253734827264238 0.05374649859943978 0.11190709617180206
0 0.32072829131652664 0.4174579831932773 0.046218487394957986 0.04780345471521942
4 0.39697128851540614 0.42037348272642394 0.04639355742296919 0.06063492063492063
0 0.4115896358543417 0.45012605042016807 0.056372549019607844 0.06644957983193278
0 0.21629901960784315 0.42130952380952386 0.0351890756302521 0.043832866479925306
4 0.4686624649859944 0.510905695611578 0.06547619047619048 0.12031746031746034
4 0.4364495798319328 0.4805788982259571 0.0430672268907563 0.059663865546218484
4 0.28956582633053224 0.4237605042016807 0.032913165266106444 0.03706349206349206
5 0.36633403361344535 0.4055205415499533 0.023634453781512604 0.056603641456582636