3 0.9459908963585434 0.6162464985994398 0.10801820728291317 0.5298786181139122
4 0.37289915966386555 0.7843137254901961 0.13830532212885155 0.3197945845004668
4 0.5291491596638656 0.6996965452847805 0.10766806722689076 0.31629318394024275
4 0.30418417366946776 0.6419234360410832 0.09716386554621849 0.23109243697478993
0 0.10460434173669468 0.8641456582633054 0.20920868347338936 0.27170868347338933
5 0.03370098039215686 0.6804388422035481 0.06740196078431372 0.19374416433239963
4 0.07090336134453781 0.6296685340802988 0.0665266106442577 0.18790849673202614
4 0.234156162464986 0.6133286647992531 0.09716386554621849 0.16223155929038283
4 0.18426120448179273 0.5654761904761905 0.07965686274509803 0.15522875816993464
4 0.663515406162465 0.6127450980392157 0.10679271708683473 0.14939309056956115
0 0.45518207282913165 0.5794817927170869 0.07352941176470588 0.103874883286648
4 0.39784663865546216 0.5584733893557423 0.07615546218487394 0.15756302521008403
4 0.35101540616246496 0.521125116713352 0.04726890756302521 0.103874883286648
0 0.11467086834733893 0.4977824463118581 0.052521008403361345 0.11087768440709617
4 0.052958683473389355 0.5082866479925303 0.04639355742296919 0.0665266106442577
4 0.023196778711484595 0.5538048552754435 0.04639355742296919 0.08986928104575163
4 0.14618347338935575 0.4977824463118581 0.04551820728291316 0.09453781512605042
4 0.23065476190476192 0.4668534080298786 0.048144257703081235 0.08169934640522876
4 0.2691701680672269 0.49253034547152197 0.04639355742296919 0.08636788048552754
4 0.3081232492997199 0.49719887955182074 0.049019607843137254 0.08169934640522876
4 0.5597864145658263 0.5380485527544351 0.08140756302521009 0.1400560224089636
4 0.7567401960784313 0.5654761904761905 0.08490896358543418 0.19024276377217553
4 0.6840861344537815 0.49486461251167135 0.04989495798319328 0.09570494864612512
4 0.47531512605042014 0.4977824463118581 0.06477591036414566 0.11087768440709617
4 0.4276085434173669 0.46977124183006536 0.056897759103641456 0.08520074696545285
4 0.3860294117647059 0.46043417366946776 0.03851540616246499 0.0665266106442577
4 0.35189075630252103 0.45284780578898226 0.040266106442577033 0.056022408963585436
4 0.32081582633053224 0.4411764705882353 0.04989495798319328 0.06069094304388422
4 0.3956582633053221 0.41491596638655465 0.031512605042016806 0.05485527544351074
4 0.5755427170868347 0.45168067226890757 0.04639355742296919 0.056022408963585436
0 0.5295868347338936 0.46568627450980393 0.03676470588235294 0.10270774976657329
4 0.6578256302521008 0.45926704014939307 0.0428921568627451 0.08520074696545285
4 0.7186624649859944 0.45751633986928103 0.03676470588235294 0.0676937441643324
4 0.7523634453781513 0.43942577030812324 0.03238795518207283 0.07586367880485527
4 0.8132002801120448 0.5053688141923436 0.0700280112044818 0.15873015873015872
4 0.8569677871148459 0.47327264239028943 0.04726890756302521 0.10620915032679738
4 0.8613445378151261 0.4137488328664799 0.03676470588235294 0.05485527544351074
4 0.7694327731092437 0.4102474323062558 0.0350140056022409 0.0665266106442577