4 0.09457589285714285 0.8384457671957672 0.18914930555555556 0.3231117724867725
0 0.3611483134920635 0.772281746031746 0.17738839285714286 0.35020502645502644
0 0.5248189484126985 0.7598677248677249 0.17346974206349206 0.3306051587301587
1 0.2180605158730159 0.5854166666666667 0.13622767857142856 0.15680886243386244
4 0.07546378968253968 0.6187400793650794 0.10192460317460317 0.16595568783068784
4 0.04165178571428571 0.5553637566137566 0.04802331349206349 0.10192460317460318
4 0.1778794642857143 0.49656084656084654 0.04802331349206349 0.0940839947089947
4 0.14700892857142858 0.48610780423280425 0.0470436507936508 0.08885912698412697
5 0.04753224206349207 0.4782671957671958 0.0362624007936508 0.05488425925925926
0 0.3410590277777778 0.48414682539682535 0.03920138888888889 0.06925595238095238
0 0.37830109126984124 0.46127976190476194 0.029402281746031746 0.041815476190476195
0 0.5527504960317461 0.4867592592592593 0.03920138888888889 0.09277777777777778
4 0.6879960317460317 0.6775429894179894 0.11956597222222222 0.26003968253968257
4 0.903608630952381 0.6213525132275133 0.127405753968254 0.3933267195767196
4 0.5743105158730158 0.5573247354497354 0.08428571428571428 0.11368716931216932
4 0.4758159722222222 0.5926058201058201 0.06566468253968254 0.10061838624338623
4 0.4096626984126984 0.5553637566137566 0.06468253968253969 0.12805886243386244
4 0.37830109126984124 0.5128935185185185 0.06076388888888889 0.09016534391534392
0 0.2984250992063492 0.4821858465608466 0.0362624007936508 0.0653373015873016
4 0.26216517857142857 0.48284060846560845 0.040181051587301585 0.0797123015873016
4 0.6002827380952381 0.48741402116402116 0.04410218253968254 0.07579034391534391
4 0.4895362103174603 0.4985185185185185 0.051941964285714286 0.07709656084656084
4 0.45572420634920635 0.47761243386243385 0.04116319444444445 0.0797123015873016
4 0.40819196428571425 0.46911706349206345 0.032341269841269844 0.05488425925925926
4 0.6968179563492064 0.5246560846560846 0.07644345238095239 0.1267526455026455
4 0.7742410714285713 0.5266137566137566 0.056842757936507934 0.1411276455026455
4 0.7414087301587302 0.4834920634920635 0.0362624007936508 0.07317791005291005
4 0.6698660714285715 0.4436375661375661 0.020580357142857143 0.035281084656084656
4 0.6924082341269842 0.4423313492063492 0.028422619047619047 0.05096230158730159
4 0.842844742063492 0.4932936507936508 0.03136160714285714 0.08232473544973544
4 0.9800520833333334 0.48741402116402116 0.03724206349206349 0.06272486772486772
4 0.5106076388888889 0.45801256613756614 0.03920138888888889 0.05357473544973545