4 0.49807422969187676 0.6449112978524744 0.14530812324929973 0.24593604108309988
4 0.6194852941176471 0.6018674136321195 0.13077731092436976 0.18085901027077497
4 0.7033438375350141 0.5556629318394024 0.09191176470588236 0.1818207282913165
4 0.773984593837535 0.5276610644257703 0.08088235294117647 0.18183706816059758
4 0.8381477591036415 0.5096988795518208 0.0744047619047619 0.13191176470588237
4 0.3226540616246499 0.557063492063492 0.08158263305322129 0.1752847805788982
4 0.40309873949579833 0.5531022408963585 0.09016106442577031 0.14401960784313725
4 0.47163865546218486 0.4932539682539682 0.06092436974789916 0.09201914098972921
4 0.5545343137254902 0.4818160597572362 0.0744047619047619 0.12049486461251169
4 0.077906162464986 0.6041970121381887 0.15231092436974789 0.20419234360410832
4 0.02661064425770308 0.5489005602240896 0.05322128851540616 0.15428804855275444
4 0.22934173669467786 0.5215989729225023 0.0665266106442577 0.14170401493930904
4 0.33053221288515405 0.4631512605042017 0.058823529411764705 0.0925046685340803
4 0.4070378151260504 0.46443510737628385 0.061274509803921566 0.09740429505135387