4 0.9061185515873016 0.817443783068783 0.18550347222222224 0.34926587301587303
4 0.9203869047619048 0.5959259259259259 0.12027281746031745 0.13454034391534392
4 0.8877703373015873 0.5191402116402116 0.06319444444444444 0.07338624338624339
4 0.9433209325396825 0.5035119047619048 0.06421378968253968 0.10464285714285715
4 0.6844295634920635 0.7889021164021164 0.1518700396825397 0.37916335978835974
5 0.7649503968253969 0.5442824074074074 0.07236607142857142 0.11007936507936508
4 0.8159126984126984 0.49399801587301584 0.06421378968253968 0.09648809523809523
4 0.6564012896825397 0.5116666666666666 0.06931051587301587 0.0992063492063492
4 0.7068526785714286 0.4831283068783069 0.04994295634920635 0.0992063492063492
4 0.7425272817460317 0.4627414021164021 0.03975198412698413 0.08561838624338625
4 0.6161383928571429 0.577579365079365 0.0907142857142857 0.13861772486772486
4 0.6227653769841269 0.47225529100529096 0.034655257936507936 0.06115410052910053
5 0.5891294642857142 0.49807539682539687 0.06931051587301587 0.12095238095238095
0 0.5274652777777777 0.6305787037037036 0.10906001984126984 0.25005621693121693
0 0.45203869047619044 0.6353339947089947 0.10906001984126984 0.29490410052910054
2 0.508608630952381 0.4973974867724868 0.044846230158730155 0.05979497354497354
4 0.40515376984126983 0.5225363756613757 0.0825595238095238 0.13454034391534392
4 0.3134201388888889 0.6122321428571429 0.11721478174603175 0.21879960317460317
4 0.377125496031746 0.46478174603174605 0.046884920634920633 0.09512896825396826
2 0.3404315476190476 0.4973974867724868 0.06115575396825397 0.10328373015873016
5 0.5498883928571429 0.42876653439153434 0.0417906746031746 0.08018187830687831
4 0.07848214285714286 0.5721428571428572 0.09173363095238095 0.17938822751322753
5 0.15033978174603174 0.6346560846560847 0.10090525793650794 0.3234424603174603
4 0.29966021825396827 0.4804100529100529 0.044846230158730155 0.11551587301587302
4 0.2532837301587302 0.5232175925925926 0.0744047619047619 0.1522089947089947
4 0.19977430555555556 0.5116666666666666 0.06319444444444444 0.11551587301587302
3 0.06268353174603175 0.4437169312169312 0.07236607142857142 0.1535681216931217
4 0.1671577380952381 0.45526785714285717 0.038732638888888886 0.06523148148148147
4 0.3317683531746032 0.4267294973544974 0.027519841269841267 0.05979497354497354
4 0.268062996031746 0.4240112433862434 0.030577876984126985 0.05164351851851851
5 0.18703373015873015 0.4212929894179894 0.03159722222222222 0.040770502645502645
0 0.02140376984126984 0.5069080687830688 0.030577876984126985 0.1440542328042328
4 0.42401041666666667 0.44235780423280424 0.024461805555555556 0.05572089947089947
4 0.1156845238095238 0.4301256613756614 0.0417906746031746 0.0448478835978836