4 0.8248214285714285 0.6325496031746032 0.15118551587301587 0.301875
4 0.7123635912698413 0.5620436507936507 0.11543650793650793 0.1986011904761905
4 0.6054885912698412 0.5401984126984127 0.10873511904761905 0.2025760582010582
4 0.5127678571428571 0.5173611111111112 0.06926339285714285 0.1410085978835979
4 0.42153273809523806 0.4965079365079365 0.06255952380952381 0.09533068783068782
4 0.37386904761904766 0.678723544973545 0.18172123015873018 0.265135582010582
4 0.3798263888888889 0.4796263227513228 0.04468501984126984 0.08341269841269841
4 0.3556225198412698 0.4538062169312169 0.03947172619047619 0.0774537037037037
4 0.3187574404761905 0.46125330687830685 0.05362351190476191 0.06454695767195767
4 0.13107886904761903 0.5118981481481482 0.06255952380952381 0.12015542328042329
4 0.17352926587301587 0.49898809523809523 0.06851686507936508 0.0983068783068783
4 0.21262896825396826 0.5620436507936507 0.08862599206349206 0.1549107142857143
4 0.28784970238095237 0.5948148148148148 0.09905257936507936 0.12511904761904763