4 0.21659970238095239 0.7208994708994709 0.13723462301587303 0.2336871693121693
4 0.48528521825396825 0.7313723544973545 0.10747271825396824 0.2634490740740741
8 0.8515203373015873 0.5979927248677248 0.10086061507936508 0.19290013227513228
8 0.730406746031746 0.5081580687830688 0.07192460317460317 0.14109457671957673
4 0.629546130952381 0.6012996031746032 0.07853918650793651 0.17526455026455026
4 0.5832514880952381 0.52744708994709 0.06365823412698413 0.0958994708994709
4 0.6650967261904762 0.46682208994708996 0.05704365079365079 0.09149140211640212
4 0.6068129960317461 0.4519411375661376 0.054563492063492064 0.09259259259259259
4 0.5361284722222223 0.4260350529100529 0.04712301587301587 0.07826388888888888
4 0.4918973214285714 0.4095006613756614 0.04133680555555555 0.07385251322751323
4 0.5171130952380952 0.5147718253968254 0.062003968253968256 0.13006944444444443
4 0.4303075396825397 0.5864186507936507 0.05869791666666666 0.1631382275132275
4 0.398891369047619 0.5246924603174603 0.052083333333333336 0.07715939153439154
4 0.4683358134920635 0.47619047619047616 0.05538938492063492 0.09479828042328042
4 0.42038690476190477 0.4337533068783069 0.032242063492063495 0.06944444444444445
4 0.44642857142857145 0.37367724867724866 0.03141617063492064 0.05291005291005291
4 0.39806547619047616 0.4045403439153439 0.040508432539682546 0.06172949735449735
4 0.34639632936507936 0.5142195767195767 0.056217757936507934 0.08046626984126984
4 0.3331671626984127 0.4640641534391534 0.06448412698412699 0.07275132275132275
4 0.3149801587301587 0.4166666666666667 0.044642857142857144 0.06172949735449735
4 0.29637896825396826 0.39792658730158725 0.042162698412698416 0.05952380952380952
4 0.37243799603174604 0.373125 0.03058779761904762 0.04739748677248678
6 0.2211483134920635 0.39792658730158725 0.042162698412698416 0.06834325396825397
4 0.22280009920634922 0.47178240740740746 0.06696428571428571 0.11463955026455026