3 0.10022759103641457 0.7212885154061625 0.17069327731092437 0.415499533146592
4 0.8987219887955182 0.8571428571428571 0.2025560224089636 0.2857142857142857
4 0.31906512605042014 0.6711017740429505 0.10241596638655462 0.20541549953314658
4 0.46699929971988796 0.6746031746031746 0.08315826330532212 0.19607843137254902
4 0.5882352941176471 0.6967787114845938 0.09803921568627451 0.2334267040149393
4 0.6945903361344538 0.7282913165266106 0.10591736694677871 0.2801120448179272
4 0.782563025210084 0.6775210084033614 0.09103641456582633 0.15756302521008403
0 0.25822829131652664 0.6285014005602241 0.0665266106442577 0.14589169000933708
0 0.33000700280112044 0.534547152194211 0.024509803921568627 0.03734827264239029
0 0.3400735294117647 0.4977824463118581 0.020133053221288517 0.029178338001867414
0 0.4840686274509804 0.557889822595705 0.04376750700280112 0.056022408963585436
2 0.9156162464985994 0.6827731092436975 0.10679271708683473 0.10737628384687208
4 0.9801295518207283 0.5742296918767507 0.039740896358543415 0.07703081232492998
4 0.9331232492997199 0.6448412698412699 0.061274509803921566 0.08520074696545285
4 0.8132002801120448 0.6074929971988795 0.0665266106442577 0.103874883286648
4 0.8626575630252101 0.5707282913165266 0.04989495798319328 0.09337068160597572
4 0.899422268907563 0.561391223155929 0.04114145658263305 0.09337068160597572
4 0.666141456582633 0.6080765639589168 0.049019607843137254 0.11204481792717087
5 0.7269782913165266 0.5788982259570495 0.053396358543417365 0.10504201680672269
4 0.5637254901960784 0.6039915966386554 0.052521008403361345 0.12955182072829133
0 0.5667892156862745 0.521125116713352 0.02538515406162465 0.04318394024276377
4 0.2113970588235294 0.5794817927170869 0.06214985994397759 0.14355742296918766
4 0.36151960784313725 0.5783146591970122 0.06827731092436974 0.08986928104575163
6 0.3860294117647059 0.5403828197945845 0.0350140056022409 0.06302521008403361
4 0.4223564425770308 0.611577964519141 0.05164565826330532 0.16806722689075632
4 0.5002626050420168 0.5135387488328664 0.023634453781512604 0.04668534080298786
5 0.5256477591036415 0.5380485527544351 0.03413865546218487 0.10037348272642391
6 0.4722514005602241 0.5036181139122315 0.03238795518207283 0.05485527544351074
4 0.44763830532212884 0.5441176470588235 0.03395658263305322 0.06871381886087768
4 0.40808823529411764 0.5041666666666667 0.028364845938375353 0.03675303454715219
4 0.3641421568627451 0.5094934640522876 0.02676645658263305 0.03462418300653595
4 0.27285714285714285 0.5323972922502335 0.051136204481792714 0.04953781512605042