8 0.34103641456582634 0.7943510737628384 0.28291316526610644 0.41129785247432304
4 0.6924019607843137 0.5990592903828198 0.1488095238095238 0.23126283846872084
6 0.32563025210084034 0.569204014939309 0.16106442577030813 0.13420868347338938
0 0.21559873949579833 0.5753874883286648 0.15983893557422968 0.13490429505135387
6 0.23503151260504201 0.4002614379084967 0.08315826330532212 0.10444444444444444
4 0.14452030812324929 0.4829808590102708 0.11572128851540617 0.1274953314659197
4 0.28448879551820727 0.44646825396825396 0.10329131652661064 0.08481325863678804
4 0.37780112044817926 0.3979295051353875 0.055322128851540614 0.09044584500466854
4 0.39303221288515405 0.4721381886087769 0.0822829131652661 0.08013071895424836
4 0.46104691876750703 0.4026003734827264 0.0625 0.07177404295051354
4 0.41421568627450983 0.371797385620915 0.05812324929971989 0.07552754435107377
4 0.5038515406162465 0.3706325863678805 0.055322128851540614 0.05919234360410831
8 0.5574229691876751 0.4185807656395892 0.05742296918767507 0.09206582633053222
4 0.5566351540616247 0.3486951447245565 0.050595238095238096 0.07133986928104576
4 0.6161589635854342 0.44354575163398696 0.07160364145658263 0.1186531279178338
4 0.6873249299719888 0.40422735760971057 0.05812324929971989 0.11704248366013073
4 0.7548144257703081 0.4293137254901961 0.07580532212885153 0.10419234360410831
4 0.803921568627451 0.38894491129785247 0.06722689075630252 0.09348506069094305
8 0.8276435574229691 0.4902147525676937 0.08140756302521009 0.13728991596638654
8 0.553921568627451 0.5364145658263305 0.10644257703081232 0.16433006535947714
8 0.46629901960784315 0.5449253034547152 0.10801820728291317 0.20702847805788982
4 0.6391806722689075 0.3831139122315593 0.04236694677871149 0.07715219421101774
4 0.7223389355742297 0.3692296918767507 0.05112044817927171 0.07506069094304388
4 0.5982142857142857 0.369000933706816 0.03746498599439776 0.04192577030812325