4 0.5185574229691877 0.6456115779645192 0.1407563025210084 0.24266806722689074
4 0.34173669467787116 0.7121148459383753 0.15126050420168066 0.24962885154061626
6 0.09681372549019608 0.6881909430438842 0.148109243697479 0.2881465919701214
6 0.11116946778711484 0.5210224089635854 0.0857843137254902 0.09620214752567693
4 0.46288515406162467 0.5215989729225023 0.09243697478991597 0.15103874883286647
4 0.29998249299719887 0.5413235294117648 0.11151960784313726 0.10412231559290383
4 0.2764355742296919 0.47598972922502336 0.0661764705882353 0.0761624649859944
4 0.29446778711484595 0.42745564892623716 0.06372549019607843 0.05379084967320261
4 0.26689425770308123 0.41753968253968254 0.03483893557422969 0.045627917833800186
4 0.2556022408963585 0.3800863678804855 0.0350140056022409 0.03841736694677871
4 0.3867296918767507 0.4342156862745098 0.048669467787114847 0.09065592903828198
6 0.3650210084033613 0.4024859943977591 0.03326330532212885 0.055205415499533145
4 0.3398109243697479 0.40166666666666667 0.038865546218487396 0.06990662931839403
6 0.42445728291316526 0.476218487394958 0.05584733893557423 0.10929738562091504
4 0.5554971988795518 0.4803034547152194 0.06407563025210083 0.10112745098039216
4 0.625875350140056 0.5687254901960784 0.09978991596638656 0.2079481792717087
5 0.5952380952380952 0.44658496732026143 0.056022408963585436 0.08271475256769376
4 0.6348039215686274 0.4118183940242764 0.03711484593837535 0.06453314659197011
6 0.6868872549019608 0.39746965452847804 0.04499299719887955 0.05217553688141924
4 0.6804096638655462 0.4360877684407096 0.049544817927170866 0.05705182072829131
4 0.6522233893557423 0.454171335200747 0.05269607843137255 0.0675420168067227
4 0.7376575630252101 0.5492390289449113 0.09051120448179271 0.2226610644257703
4 0.8217787114845938 0.5138958916900094 0.06092436974789916 0.15897759103641454
4 0.7685574229691877 0.4513725490196079 0.031512605042016806 0.0619421101774043
4 0.7386204481792717 0.41741830065359475 0.045168067226890755 0.06639822595704949
4 0.7941176470588235 0.4108870214752568 0.02661064425770308 0.05333333333333333
4 0.8221288515406162 0.40913865546218486 0.04061624649859944 0.0475
4 0.9100140056022409 0.4380765639589169 0.03431372549019608 0.03068160597572362
4 0.9761904761904762 0.4744701213818861 0.047619047619047616 0.09413165266106442
4 0.16272759103641457 0.42920401493930904 0.047093837535014005 0.06895658263305322
4 0.132703081232493 0.46864145658263306 0.04831932773109244 0.059131652661064425
3 0.9065126050420168 0.7082212885154061 0.16736694677871147 0.5242880485527545