3 0.07884920634920635 0.6894609788359788 0.1193625992063492 0.5517989417989418
4 0.8982713293650794 0.8281746031746032 0.18993551587301588 0.3436474867724868
4 0.688298611111111 0.8056283068783068 0.16205605158730158 0.3566369047619048
4 0.8660367063492064 0.6697123015873016 0.09583829365079366 0.13126984126984126
4 0.9017584325396825 0.5907175925925926 0.07144345238095239 0.0848015873015873
4 0.9204885912698413 0.5221759259259259 0.07231398809523809 0.0848015873015873
4 0.7963343253968255 0.50010582010582 0.04704861111111111 0.06621693121693122
4 0.7754241071428571 0.5425066137566138 0.06621527777777778 0.09061177248677249
4 0.7562574404761905 0.6000099206349206 0.08015625 0.12662367724867726
4 0.6107564484126985 0.6075595238095238 0.09583829365079366 0.14404761904761906
4 0.5210143849206349 0.6714550264550264 0.10803571428571429 0.218396164021164
4 0.6425570436507937 0.5366997354497355 0.060116567460317454 0.10919973544973546
4 0.6896056547619047 0.5146263227513228 0.053147321428571426 0.10455026455026456
4 0.7218427579365079 0.4995238095238095 0.0461780753968254 0.09758267195767195
4 0.5022842261904762 0.5425066137566138 0.05140376984126984 0.09061177248677249
4 0.5628373015873016 0.5169510582010582 0.05227678571428571 0.11152116402116402
4 0.6042212301587301 0.4960383597883598 0.04269097222222222 0.06970238095238095
4 0.4264831349206349 0.6302149470899471 0.09671130952380952 0.26834986772486774
4 0.3027628968253968 0.6093022486772487 0.08277033730158731 0.20097222222222222
4 0.24351686507936507 0.5756150793650794 0.07057291666666667 0.1684457671957672
4 0.14898561507936509 0.6220833333333333 0.09061259920634922 0.2149107142857143
4 0.016555059523809524 0.5099801587301588 0.03310763888888889 0.106875
0 0.3689806547619048 0.4820998677248677 0.044434523809523806 0.07899470899470899
0 0.40878224206349206 0.4788789682539683 0.03266865079365079 0.06451058201058202
6 0.2524652777777778 0.4460714285714286 0.030188492063492063 0.048521825396825397
4 0.3186309523809524 0.4579265873015873 0.03432291666666666 0.05899801587301587
4 0.34344494047619045 0.464265873015873 0.026879960317460316 0.04411044973544973
4 0.3304166666666667 0.5166468253968254 0.051279761904761904 0.09263227513227514
4 0.2737624007936508 0.5025859788359788 0.04797123015873016 0.0678207671957672
4 0.29278521825396825 0.4714351851851851 0.027294146825396826 0.0639616402116402
4 0.2725223214285714 0.4543419312169312 0.019848710317460317 0.047420634920634926
4 0.17823412698412697 0.540082671957672 0.07360863095238096 0.08987433862433862
5 0.21090525793650794 0.49100859788359785 0.038045634920634924 0.061203703703703705
0 0.15032242063492063 0.48907738095238096 0.050865575396825395 0.05072751322751323