8 0.20614495798319327 0.688608776844071 0.14443277310924368 0.28478057889822594
4 0.06302521008403361 0.6092436974789915 0.10679271708683473 0.22175536881419233
4 0.18075980392156862 0.5217086834733894 0.0744047619047619 0.11671335200746966
4 0.23984593837535015 0.5479691876750701 0.07352941176470588 0.1342203548085901
4 0.3011204481792717 0.5800653594771242 0.07703081232492998 0.16806722689075632
4 0.3006827731092437 0.4837768440709617 0.08315826330532212 0.12021475256769375
4 0.3750875350140056 0.5135387488328664 0.08490896358543418 0.12371615312791784
4 0.43592436974789917 0.4651027077497666 0.052521008403361345 0.0641923436041083
4 0.5195203081232493 0.5643090569561158 0.08665966386554622 0.12254901960784313
4 0.6289390756302521 0.7411297852474323 0.1479341736694678 0.2637721755368814
4 0.5015756302521008 0.6874416433239963 0.12780112044817926 0.24976657329598506
8 0.37640056022408963 0.6454248366013072 0.14705882352941177 0.18907563025210083
0 0.44336484593837533 0.5421335200746965 0.07615546218487394 0.11788048552754435
4 0.6315651260504201 0.5759803921568627 0.10416666666666667 0.14589169000933708
4 0.8342086834733894 0.6209150326797386 0.11204481792717087 0.21475256769374415
4 0.7860644257703081 0.49719887955182074 0.06477591036414566 0.11204481792717087
4 0.938375350140056 0.5217086834733894 0.08053221288515407 0.10504201680672269
4 0.738795518207283 0.4954481792717087 0.06302521008403361 0.0992063492063492
4 0.7094712885154062 0.561391223155929 0.0744047619047619 0.16106442577030813
4 0.6144957983193278 0.5106209150326797 0.07352941176470588 0.1318860877684407
0 0.9788165266106442 0.6127450980392157 0.04236694677871149 0.17273576097105509
4 0.6604516806722689 0.49836601307189543 0.0586484593837535 0.12138188608776844
4 0.9112394957983193 0.5993230625583567 0.08753501400560224 0.19491129785247432