3 0.6372549019607843 0.4102474323062558 0.07352941176470588 0.14822595704948646
4 0.4004726890756303 0.4977824463118581 0.12342436974789917 0.1669000933706816
4 0.28974089635854344 0.532796451914099 0.11029411764705882 0.16223155929038283
4 0.11598389355742297 0.5421335200746965 0.1479341736694678 0.22058823529411764
4 0.19782913165266106 0.8063725490196079 0.3956582633053221 0.3872549019607843
4 0.19782913165266106 0.45634920634920634 0.07528011204481792 0.11671335200746966
4 0.29980742296918766 0.43183940242763774 0.08140756302521009 0.09570494864612512
4 0.7059698879551821 0.5392156862745098 0.12867647058823528 0.22408963585434175
4 0.6131827731092437 0.6174136321195145 0.18644957983193278 0.26143790849673204
4 0.49063375350140054 0.6961951447245565 0.20220588235294118 0.4096638655462185
6 0.8013830532212886 0.4470121381886088 0.10591736694677871 0.17273576097105509