4 0.8679117063492063 0.7972354497354498 0.1884722222222222 0.3405059523809524
4 0.6719022817460317 0.7494874338624338 0.15454613095238096 0.3329662698412698
4 0.5036904761904762 0.6401752645502646 0.11591021825396826 0.2123445767195767
4 0.824563492063492 0.6426884920634921 0.10554315476190476 0.1243915343915344
4 0.8674404761904762 0.5572486772486772 0.07633184523809523 0.09423611111111112
4 0.8825198412698413 0.490026455026455 0.07256200396825396 0.07790013227513228
4 0.7736755952380953 0.4730654761904762 0.0584250992063492 0.06910714285714285
4 0.748702876984127 0.5076157407407408 0.055600198412698414 0.06282407407407407
4 0.7317410714285715 0.5591335978835978 0.0744469246031746 0.09800595238095239
4 0.7006423611111111 0.46175595238095235 0.04429067460317461 0.06408068783068784
4 0.6681324404761905 0.4881415343915344 0.05654265873015873 0.08418320105820105
4 0.6233705357142857 0.5151554232804233 0.07067708333333333 0.10554563492063493
4 0.5828497023809525 0.5622751322751323 0.08198412698412698 0.09926256613756615
5 0.40851190476190474 0.6075066137566137 0.08952380952380952 0.2801951058201058
4 0.4721205357142857 0.5101289682539683 0.06219494047619048 0.10554563492063493
4 0.5291344246031745 0.490026455026455 0.04240575396825397 0.07790013227513228
4 0.5833209325396825 0.47369378306878307 0.04523313492063492 0.07036375661375661
4 0.2812946428571429 0.5999669312169312 0.09140873015873016 0.2274239417989418
4 0.13240079365079366 0.6024801587301588 0.09517857142857143 0.2575793650793651
4 0.21768601190476192 0.5515939153439153 0.07350446428571429 0.18093253968253967
4 0.30532490079365077 0.4856283068783069 0.05277281746031746 0.08669642857142858
0 0.34773065476190473 0.45798611111111115 0.04146329365079365 0.09423611111111112
4 0.2506671626984127 0.47808862433862437 0.05088789682539683 0.08418320105820105
5 0.37458829365079366 0.42594576719576716 0.05371527777777778 0.1357010582010582
0 0.12392113095238094 0.4592427248677249 0.03298363095238095 0.05905423280423281
0 0.22899305555555555 0.41275462962962967 0.02261656746031746 0.04146494708994709
4 0.2921304563492063 0.4246891534391534 0.04334821428571429 0.0653373015873016
4 0.32134424603174605 0.4466765873015873 0.04146329365079365 0.07664351851851853
6 0.26244791666666667 0.43537037037037035 0.04429067460317461 0.05402777777777778
3 0.033926091269841266 0.6816402116402117 0.06784970238095238 0.5892890211640212
4 0.07491815476190476 0.46552579365079366 0.07067708333333333 0.11182539682539683
4 0.1851736111111111 0.4592427248677249 0.04429067460317461 0.07664351851851853