4 0.23800770308123248 0.755859010270775 0.12062324929971989 0.31143790849673203
4 0.5768557422969187 0.7117693744164332 0.10679271708683473 0.21859243697478992
0 0.17016806722689076 0.6382679738562091 0.10224089635854341 0.1883029878618114
5 0.26698179271708683 0.5939472455648925 0.09628851540616247 0.09032212885154062
5 0.34506302521008403 0.5834407096171802 0.056372549019607844 0.12066526610644257
0 0.44599089635854344 0.6196078431372549 0.06039915966386555 0.14164332399626517
5 0.6468837535014006 0.6338352007469654 0.0857843137254902 0.18410364145658265
5 0.4849439775910364 0.5827450980392157 0.05952380952380952 0.09592903828197945
5 0.484593837535014 0.7583146591970121 0.10784313725490197 0.2860014005602241
5 0.3592436974789916 0.77265639589169 0.15826330532212884 0.3356979458450047
3 0.7317927170868347 0.5256816059757237 0.07703081232492998 0.15220354808590103