8 0.8482142857142857 0.6696428571428571 0.10912698412698413 0.23809523809523808
4 0.6169394841269841 0.6919642857142857 0.09300595238095238 0.2166005291005291
4 0.17733134920634921 0.8110119047619048 0.18601190476190477 0.3158068783068783
4 0.4885912698412698 0.8225859788359788 0.10664682539682539 0.2761243386243386
4 0.3993055555555556 0.7126322751322751 0.10416666666666667 0.1818783068783069
5 0.3763640873015873 0.6150793650793651 0.05084325396825397 0.11574074074074074
4 0.21391369047619047 0.6398809523809523 0.045882936507936505 0.0992063492063492
4 0.7291666666666666 0.6241732804232805 0.08928571428571429 0.21329365079365079
4 0.6646825396825397 0.5588624338624338 0.054563492063492064 0.11574074074074074
4 0.4423983134920635 0.46833664021164023 0.035342261904761904 0.06696428571428571
4 0.4749503968253968 0.4931382275132275 0.04092261904761905 0.07192460317460317
4 0.6138392857142857 0.5530753968253969 0.05952380952380952 0.08597883597883597
4 0.5192832341269841 0.6030919312169312 0.05642361111111111 0.10664682539682539
4 0.4703000992063492 0.5766369047619048 0.055183531746031744 0.10333994708994709
4 0.5691964285714286 0.5336474867724867 0.043402777777777776 0.05539021164021164
4 0.5282738095238095 0.5109126984126984 0.054563492063492064 0.05952380952380952
4 0.42627728174603174 0.5224867724867724 0.052703373015873016 0.054563492063492064
4 0.3996155753968254 0.501818783068783 0.04650297619047619 0.07936507936507936
4 0.3667534722222222 0.4790839947089947 0.035342261904761904 0.06861772486772487
4 0.3342013888888889 0.5080191798941799 0.032242063492063495 0.0355489417989418
4 0.34877232142857145 0.5629960317460317 0.042782738095238096 0.07771164021164022
4 0.21411954365079366 0.5539021164021164 0.05125744047619047 0.09810515873015874
0 0.3215947420634921 0.47619047619047616 0.028107638888888887 0.0352744708994709
4 0.2876984126984127 0.48886574074074074 0.03968253968253968 0.07165013227513227