8 0.8841493055555555 0.7084556878306878 0.1216046626984127 0.23752976190476188
8 0.7524751984126984 0.6170568783068783 0.08752480158730158 0.16833664021164021
0 0.6482986111111111 0.7120701058201059 0.09139632936507937 0.1931216931216931
4 0.21493799603174604 0.8359986772486773 0.1758234126984127 0.32737764550264553
4 0.513139880952381 0.8509722222222222 0.13554563492063493 0.2457903439153439
4 0.4395560515873016 0.7146527777777778 0.11850694444444444 0.16523809523809524
4 0.6126686507936508 0.6418452380952381 0.030982142857142857 0.07952050264550264
4 0.6816046626984127 0.5654199735449735 0.04492311507936508 0.10017526455026456
4 0.6331944444444444 0.5669708994708995 0.0658358134920635 0.07848875661375661
4 0.5874950396825397 0.5344378306878307 0.03640376984126984 0.06506283068783068
4 0.5526413690476191 0.5287599206349206 0.048797123015873016 0.05989748677248677
8 0.503844246031746 0.5106878306878306 0.05189484126984127 0.0691931216931217
4 0.4078000992063492 0.6289351851851852 0.05189484126984127 0.09914351851851852
4 0.23158978174603173 0.5664550264550264 0.04027777777777778 0.06712632275132276
4 0.3783680555555555 0.5850429894179895 0.041051587301587304 0.0774537037037037
4 0.339640376984127 0.5762665343915344 0.03640376984126984 0.06816137566137566
4 0.3098189484126984 0.49932539682539684 0.03407986111111111 0.046471560846560844
4 0.41670882936507936 0.5039748677248678 0.021686507936507934 0.051636904761904766
4 0.4473015873015873 0.5225628306878307 0.030208333333333334 0.037179232804232805
4 0.496875 0.5824603174603175 0.042599206349206345 0.08055224867724868
4 0.5340525793650794 0.5860747354497354 0.042599206349206345 0.07539021164021163
4 0.4577579365079365 0.47867063492063494 0.03407986111111111 0.05060515873015873
4 0.33189484126984126 0.5013921957671957 0.02246279761904762 0.04234126984126984
4 0.386500496031746 0.4833201058201058 0.02013888888888889 0.037179232804232805
4 0.46937748015873015 0.5550925925925926 0.030982142857142857 0.04440806878306878
0 0.36868551587301585 0.5266931216931217 0.030982142857142857 0.03924272486772487