4 0.9020287698412699 0.7652314814814815 0.14184523809523808 0.26533068783068786
4 0.8999627976190476 0.5797784391534392 0.07161210317460318 0.10374338624338625
4 0.8765525793650795 0.5155125661375661 0.03718253968253968 0.06702050264550265
4 0.9250967261904761 0.488885582010582 0.044756944444444446 0.0725297619047619
4 0.8070064484126984 0.4870502645502645 0.046822916666666665 0.08538359788359788
4 0.7498561507936509 0.5439715608465608 0.05233134920634921 0.09823743386243386
4 0.6823759920634921 0.7239186507936508 0.13082837301587302 0.2579861111111111
4 0.5153968253968254 0.6109920634920635 0.06954613095238096 0.20840939153439153
4 0.5956150793650794 0.5650892857142857 0.05233134920634921 0.10558201058201057
4 0.6472569444444444 0.5168882275132275 0.04957837301587302 0.10649801587301588
4 0.6975223214285714 0.4865906084656085 0.03580605158730159 0.09364417989417989
4 0.7288541666666666 0.4650165343915344 0.03511656746031746 0.07436507936507937
4 0.612485119047619 0.471441798941799 0.03374007936507936 0.06334986772486773
4 0.5002480158730159 0.5026587301587302 0.03236359126984127 0.05967592592592593
4 0.4410292658730159 0.6018121693121693 0.08469494047619047 0.24145833333333333
2 0.5725471230158731 0.48521494708994706 0.04338045634920635 0.07803902116402117
4 0.30021825396825397 0.5839087301587301 0.08951388888888889 0.17076719576719576
0 0.3928298611111111 0.5086243386243386 0.04338045634920635 0.10649801587301588
0 0.0203125 0.4764914021164021 0.036495535714285716 0.0881382275132275
0 0.06885664682539683 0.575188492063492 0.07436507936507936 0.17351851851851852
3 0.08683779761904761 0.4470138888888889 0.06531001984126984 0.18190145502645505
5 0.13957093253968253 0.5795701058201058 0.08562996031746031 0.21996031746031744
5 0.1804513888888889 0.496359126984127 0.04837797619047619 0.0780489417989418
4 0.32751984126984124 0.4799107142857143 0.041604662698412696 0.06321428571428571
4 0.23850446428571428 0.5295800264550264 0.05611855158730159 0.16254960317460318
4 0.2888169642857143 0.4531415343915344 0.029995039682539682 0.052248677248677246
4 0.3708184523809524 0.4428207671957672 0.026607142857142857 0.06385912698412699
4 0.5442534722222222 0.4131481481481481 0.024188988095238097 0.035476190476190474
4 0.04208829365079365 0.43314484126984126 0.02322172619047619 0.047086640211640204
4 0.32098958333333333 0.4192757936507937 0.025639880952380952 0.04128306878306878
4 0.1572296626984127 0.4505621693121693 0.031929563492063495 0.052248677248677246
4 0.21939484126984127 0.44185515873015874 0.021770833333333333 0.03999338624338624
4 0.25833829365079364 0.4183101851851852 0.022254464285714287 0.04321759259259259
4 0.2421329365079365 0.43637235449735445 0.027574404761904765 0.035476190476190474
4 0.35122519841269845 0.4305654761904762 0.018382936507936508 0.040638227513227515