0 0.966999299719888 0.6074929971988795 0.06600140056022409 0.1762371615312792
0 0.7138480392156863 0.667016806722689 0.19170168067226892 0.21591970121381887
4 0.4884453781512605 0.6856909430438842 0.12605042016806722 0.26260504201680673
4 0.19126400560224088 0.6851073762838469 0.1479341736694678 0.28944911297852477
4 0.07309173669467788 0.599906629318394 0.12867647058823528 0.17507002801120447
4 0.16631652661064425 0.5205415499533147 0.07177871148459383 0.13071895424836602
4 0.22890406162464985 0.5503034547152195 0.08490896358543418 0.12955182072829133
4 0.29105392156862747 0.5608076563958917 0.06565126050420168 0.1645658263305322
8 0.3650210084033613 0.6378384687208216 0.10854341736694678 0.18090569561157796
4 0.29411764705882354 0.5009920634920635 0.0857843137254902 0.10679271708683473
4 0.36217612044817926 0.5205415499533147 0.06521358543417367 0.10971055088702147
4 0.42454481792717086 0.5415499533146592 0.07265406162464987 0.12254901960784313
4 0.43045343137254904 0.47677404295051357 0.06521358543417367 0.07936507936507936
4 0.4996060924369748 0.557889822595705 0.09147408963585434 0.12721755368814192
4 0.6144957983193278 0.5791900093370682 0.08928571428571429 0.1604808590102708
4 0.704438025210084 0.5427170868347339 0.08359593837535013 0.12138188608776844
4 0.7223827030812325 0.4957399626517274 0.04595588235294118 0.09395424836601307
4 0.7637429971988795 0.47998366013071897 0.044642857142857144 0.0846171802054155
4 0.6002713585434174 0.4881535947712418 0.05383403361344538 0.10329131652661064
4 0.6462272408963585 0.49282212885154064 0.052958683473389355 0.09978991596638656
4 0.8107930672268907 0.6147875816993464 0.10372899159663866 0.2456816059757236
4 0.8952643557422969 0.5724789915966386 0.07746848739495799 0.14355742296918766
4 0.6341911764705882 0.7358776844070962 0.17769607843137256 0.25093370681605975