0 0.6101190476190477 0.7084986772486772 0.0992063492063492 0.20006613756613756
8 0.8351934523809523 0.68369708994709 0.11532738095238096 0.226521164021164
4 0.714905753968254 0.6051587301587301 0.08308531746031746 0.15542328042328044
4 0.4885912698412698 0.845734126984127 0.15128968253968253 0.25297619047619047
4 0.17857142857142858 0.8432539682539683 0.18601190476190477 0.31084656084656087
4 0.39372519841269843 0.7250330687830688 0.1277281746031746 0.20337301587301587
4 0.6578621031746031 0.5671296296296297 0.053323412698412696 0.10582010582010581
4 0.6045386904761905 0.5638227513227513 0.06572420634920635 0.08597883597883597
4 0.5679563492063492 0.544808201058201 0.042162698412698416 0.06117724867724868
4 0.5251736111111112 0.5142195767195767 0.05828373015873016 0.06283068783068783
4 0.47061011904761907 0.5042989417989417 0.05084325396825397 0.06944444444444445
4 0.43278769841269843 0.47701719576719576 0.042162698412698416 0.06448412698412699
4 0.2052331349206349 0.6531084656084656 0.033482142857142856 0.08597883597883597
4 0.3794642857142857 0.625 0.05704365079365079 0.10912698412698413
4 0.3472222222222222 0.5745701058201058 0.03968253968253968 0.08763227513227513
4 0.28583829365079366 0.4852843915343915 0.026041666666666668 0.04794973544973545
4 0.30939980158730157 0.49520502645502645 0.028521825396825396 0.044642857142857144
4 0.33482142857142855 0.5233134920634921 0.03720238095238095 0.04794973544973545
4 0.39620535714285715 0.5034722222222222 0.031001984126984128 0.06117724867724868
4 0.3627232142857143 0.47784391534391535 0.033482142857142856 0.036375661375661374
4 0.21019345238095238 0.5563822751322751 0.03844246031746032 0.0744047619047619
4 0.5257936507936508 0.5985449735449735 0.052083333333333336 0.09259259259259259
4 0.4755704365079365 0.582010582010582 0.045882936507936505 0.0992063492063492