3 0.2182247899159664 0.399640522875817 0.06355042016806722 0.10553921568627452
0 0.5761554621848739 0.473265639589169 0.04936974789915966 0.09639122315592903
5 0.634453781512605 0.46591970121381887 0.05042016806722689 0.0700280112044818
4 0.8342086834733894 0.4697665732959851 0.05427170868347339 0.08472689075630253
4 0.7241771708683473 0.7109126984126984 0.13007703081232494 0.2425536881419234
4 0.9101015406162465 0.7413678804855275 0.15878851540616246 0.22643323996265172
4 0.9014355742296919 0.6331069094304388 0.11169467787114847 0.13129318394024278
4 0.7420343137254902 0.5698762838468721 0.060749299719887954 0.0841970121381886
4 0.7827380952380952 0.5558706816059757 0.0703781512605042 0.11220821661998133
4 0.8007703081232493 0.512938842203548 0.0469187675070028 0.08236461251167133
6 0.9414390756302521 0.4687161531279178 0.06390056022408963 0.09429505135387488
6 0.915266106442577 0.5248366013071896 0.07983193277310924 0.09215919701213819
4 0.9164040616246498 0.5500443510737628 0.08735994397759103 0.06787348272642389
4 0.32563025210084034 0.5728921568627451 0.10504201680672269 0.1882703081232493
4 0.26400560224089636 0.5490943043884221 0.06582633053221289 0.16868347338935574
4 0.1645658263305322 0.6017063492063492 0.09103641456582633 0.2295564892623716
0 0.10688025210084033 0.5717296918767507 0.07195378151260504 0.16260270774976657
4 0.05514705882352941 0.5070915032679739 0.07878151260504201 0.15937441643323996
4 0.13462885154061624 0.43990429505135387 0.0626750700280112 0.04367413632119514
6 0.11020658263305322 0.48132352941176465 0.04009103641456583 0.05415032679738562
4 0.07571778711484593 0.44118347338935576 0.044642857142857144 0.06724323062558356
4 0.28256302521008403 0.4146988795518207 0.025910364145658265 0.05862511671335201
4 0.38926820728291317 0.44643090569561156 0.030987394957983194 0.09407563025210083
4 0.3588060224089636 0.4708193277310924 0.047093837535014005 0.07515873015873016
4 0.31924019607843135 0.4535527544351074 0.03799019607843137 0.0686344537815126
0 0.4329481792717087 0.4311531279178338 0.050070028011204484 0.05184640522875817
0 0.41421568627450983 0.49216619981325865 0.03711484593837535 0.11084733893557423
4 0.44704131652661067 0.621062091503268 0.10731792717086834 0.28042016806722686
4 0.5268732492997199 0.5073366013071895 0.06109943977591036 0.08983660130718954
4 0.5630252100840336 0.414234360410831 0.03361344537815126 0.05769140989729225
4 0.7601540616246498 0.4690686274509804 0.042717086834733894 0.07866013071895425
4 0.7220763305322129 0.4739659197012138 0.04184173669467787 0.10245798319327731
4 0.6719187675070029 0.5019677871148459 0.06372549019607843 0.09310690943043884
4 0.6268382352941176 0.5508520074696545 0.08946078431372549 0.11851073762838468
4 0.13366596638655462 0.4154038281979458 0.030987394957983194 0.03669000933706816
4 0.17647058823529413 0.4096848739495798 0.023809523809523808 0.04626050420168067
4 0.3483893557422969 0.41644957983193276 0.031512605042016806 0.06445845004668534
4 0.32212885154061627 0.4091036414565826 0.02100840336134454 0.028758169934640525
6 0.30654761904761907 0.40035247432306253 0.018557422969187675 0.029467787114845937
4 0.20798319327731093 0.502436974789916 0.058823529411764705 0.08470588235294117