4 0.8998834325396825 0.7743617724867725 0.15790426587301587 0.2634490740740741
4 0.6956845238095238 0.7280654761904762 0.15128968253968253 0.27887896825396824
4 0.886656746031746 0.628859126984127 0.07523065476190476 0.10471891534391535
4 0.9267534722222223 0.49933862433862436 0.054563492063492064 0.07715939153439154
4 0.9093923611111111 0.5583101851851852 0.04794890873015873 0.07165013227513227
4 0.8015054563492063 0.47233134920634917 0.03885664682539682 0.05842261904761904
4 0.7800099206349206 0.5087070105820105 0.042162698412698416 0.06503637566137566
4 0.7527281746031746 0.5539021164021164 0.053737599206349206 0.08267195767195767
4 0.7010590277777778 0.48170304232804234 0.033067956349206354 0.07495701058201058
4 0.7299925595238095 0.4646164021164021 0.02976190476190476 0.06503637566137566
4 0.6535218253968254 0.4987863756613756 0.04546875 0.06723875661375661
4 0.6080530753968254 0.5616170634920634 0.05869791666666666 0.11574074074074074
4 0.6138392857142857 0.47012896825396827 0.033896329365079365 0.056216931216931214
4 0.5683705357142858 0.4949305555555556 0.052083333333333336 0.10802579365079365
4 0.5406746031746031 0.4260350529100529 0.023147321428571427 0.04739748677248678
4 0.5266195436507937 0.6608234126984127 0.09590029761904763 0.21935515873015873
4 0.5026463293650794 0.509811507936508 0.03968253968253968 0.07605820105820106
4 0.4427083333333333 0.5924834656084657 0.07357886904761905 0.21935515873015873
4 0.30960565476190477 0.6106712962962964 0.10334077380952382 0.24030092592592592
4 0.2409895833333333 0.5384689153439153 0.0702703373015873 0.12896825396825398
4 0.18229166666666666 0.4833564814814815 0.032242063492063495 0.060625000000000005
4 0.06572420634920635 0.5698842592592592 0.08019097222222221 0.1168419312169312
4 0.15376984126984128 0.6079133597883598 0.09259176587301587 0.2458101851851852
4 0.02769593253968254 0.4822519841269841 0.04712301587301587 0.08487764550264551
4 0.1029265873015873 0.45359457671957676 0.03554811507936508 0.06283068783068783
4 0.043402777777777776 0.4365079365079365 0.03720238095238095 0.046296296296296294
4 0.33678323412698413 0.48670965608465605 0.03619295634920635 0.06709325396825397
4 0.373859126984127 0.44845568783068784 0.03266369047619047 0.06591600529100529
4 0.3535540674603175 0.4319775132275132 0.02295138888888889 0.04708333333333333
4 0.38930803571428574 0.4160846560846561 0.02736607142857143 0.03884259259259259
4 0.2992633928571429 0.4596362433862434 0.029131944444444443 0.05061177248677249
4 0.2259920634920635 0.45551587301587304 0.03707589285714286 0.04825727513227514
4 0.16155009920634922 0.46228505291005295 0.03619295634920635 0.053554894179894175
4 0.2571106150793651 0.4134358465608466 0.018097718253968255 0.032367724867724865
4 0.2820486111111111 0.41961640211640217 0.020305059523809524 0.030601851851851852
4 0.2496081349206349 0.44580687830687826 0.036634424603174606 0.05002314814814815
4 0.30125 0.4207936507936508 0.022509920634920636 0.030601851851851852
4 0.4133630952380953 0.4334457671957672 0.01898065476190476 0.030013227513227516
0 0.18560515873015873 0.4125562169312169 0.031339285714285715 0.0435515873015873
0 0.40078373015873014 0.49700727513227516 0.033546626984126984 0.07709656084656084