8 0.8819152661064426 0.7037815126050421 0.11642156862745098 0.25210084033613445
4 0.18163515406162464 0.6926937441643324 0.14443277310924368 0.22058823529411764
4 0.39959733893557425 0.6757703081232493 0.11642156862745098 0.21475256769374415
4 0.26435574229691877 0.599906629318394 0.06827731092436974 0.1704014939309057
4 0.32037815126050423 0.5532212885154062 0.06302521008403361 0.1353874883286648
4 0.4494922969187675 0.4785247432306256 0.030637254901960783 0.056022408963585436
4 0.35014005602240894 0.49719887955182074 0.040266106442577033 0.08403361344537816
4 0.3864670868347339 0.42892156862745096 0.027135854341736695 0.03851540616246499
4 0.47750350140056025 0.4295051353874883 0.01488095238095238 0.03734827264239029
4 0.49107142857142855 0.4166666666666667 0.015756302521008403 0.04435107376283847
6 0.40835084033613445 0.42775443510737626 0.02538515406162465 0.04318394024276377
6 0.8035714285714286 0.5654761904761905 0.07703081232492998 0.14355742296918766
6 0.7681197478991597 0.521125116713352 0.048144257703081235 0.08053221288515407
4 0.7274159663865546 0.5135387488328664 0.052521008403361345 0.09337068160597572
0 0.6083683473389355 0.6419234360410832 0.09628851540616247 0.18907563025210083
0 0.47750350140056025 0.469187675070028 0.027135854341736695 0.05368814192343604
0 0.5637254901960784 0.46218487394957986 0.0350140056022409 0.03968253968253968
4 0.6298144257703081 0.4254201680672269 0.030637254901960783 0.05952380952380952
4 0.6867121848739496 0.47327264239028943 0.05514705882352941 0.0688608776844071
4 0.6516981792717087 0.45751633986928103 0.035889355742296916 0.06302521008403361