4 0.9030257936507936 0.814318783068783 0.1939484126984127 0.34226190476190477
4 0.9046378968253969 0.5968915343915344 0.09796626984126984 0.08928571428571429
4 0.8661954365079365 0.5315806878306878 0.06076388888888889 0.07771164021164022
4 0.9244791666666666 0.5026455026455027 0.05828373015873016 0.08267195767195767
4 0.7998511904761905 0.5042989417989417 0.052083333333333336 0.07936507936507936
4 0.6851438492063492 0.7572751322751323 0.1277281746031746 0.3802910052910053
6 0.7384672619047619 0.5522486772486772 0.053323412698412696 0.0992063492063492
0 0.5140128968253969 0.6977513227513228 0.0954861111111111 0.3439153439153439
4 0.4210069444444444 0.6398809523809523 0.08556547619047619 0.2777777777777778
4 0.5989583333333334 0.5960648148148148 0.062003968253968256 0.1669973544973545
4 0.6398809523809523 0.5299272486772487 0.0496031746031746 0.09093915343915344
4 0.6932043650793651 0.501818783068783 0.04712301587301587 0.09755291005291006
4 0.7266865079365079 0.47619047619047616 0.03968253968253968 0.056216931216931214
4 0.6094990079365079 0.49107142857142855 0.045882936507936505 0.05952380952380952
0 0.572296626984127 0.5076058201058201 0.07068452380952381 0.09259259259259259
4 0.49603174603174605 0.533234126984127 0.04712301587301587 0.08432539682539683
0 0.3062996031746032 0.6307870370370371 0.09424603174603174 0.22321428571428573
0 0.24739583333333334 0.5348875661375662 0.04836309523809524 0.11408730158730158
0 0.29602926587301587 0.45412367724867725 0.02673859126984127 0.039047619047619046
4 0.32276785714285716 0.499537037037037 0.05474950396825397 0.061964285714285715
4 0.1327356150793651 0.6226190476190476 0.07703125 0.23682539682539683
4 0.06238839285714286 0.5988492063492064 0.06111607142857142 0.16042989417989417
4 0.0786235119047619 0.5114219576719576 0.03756200396825397 0.04838293650793651
4 0.1833482142857143 0.5279728835978835 0.0662078373015873 0.09846560846560846
4 0.22027281746031746 0.4834093915343915 0.02673859126984127 0.07554563492063492
4 0.2556051587301587 0.44139219576719574 0.032467757936507934 0.03395171957671958
4 0.3230853174603175 0.4473346560846561 0.032467757936507934 0.04074404761904762
4 0.3641493055555556 0.4804398148148148 0.031830357142857146 0.08997685185185185
4 0.38038194444444445 0.4341765873015873 0.017189980158730158 0.03140542328042328
4 0.4122147817460317 0.4681316137566138 0.027375992063492064 0.0585681216931217
4 0.03851686507936508 0.4685548941798942 0.028648313492063492 0.056021825396825396
4 0.09549355158730158 0.47704365079365074 0.05474950396825397 0.04414021164021164
4 0.02005456349206349 0.526276455026455 0.0388343253968254 0.1341137566137566
0 0.24223462301587304 0.46006613756613757 0.028648313492063492 0.037347883597883595