4 0.9033928571428571 0.7785218253968254 0.14448412698412696 0.2840013227513228
4 0.8762103174603175 0.6211309523809524 0.07373015873015873 0.0983068783068783
4 0.9264806547619048 0.4984920634920635 0.058090277777777775 0.07546957671957671
4 0.6926264880952381 0.7437665343915344 0.12363095238095238 0.30386243386243383
4 0.7462500000000001 0.5506249999999999 0.040218253968253966 0.06851851851851852
4 0.7752951388888888 0.5104100529100529 0.03723710317460317 0.05958002645502645
4 0.7950297619047619 0.47167989417989414 0.032023809523809524 0.04369378306878307
4 0.7306101190476191 0.46870039682539677 0.029789186507936508 0.05362433862433862
4 0.6985838293650793 0.48756944444444444 0.04766369047619048 0.0913558201058201
4 0.6490575396825397 0.5089186507936508 0.048410218253968254 0.08043320105820105
4 0.6099578373015873 0.5784292328042329 0.06255952380952381 0.14398809523809525
4 0.5231944444444444 0.6553869047619048 0.09905257936507936 0.1966170634920635
4 0.43233382936507936 0.5476455026455026 0.052876984126984126 0.13405753968253967
4 0.5060639880952381 0.5228207671957672 0.05138888888888889 0.0983068783068783
4 0.5611755952380952 0.4855820105820106 0.04394097222222222 0.07546957671957671
4 0.6099578373015873 0.47068783068783066 0.02830109126984127 0.05958002645502645
5 0.5436755952380952 0.4235185185185185 0.0327703373015873 0.048657407407407406
5 0.21858630952380953 0.4503306878306878 0.032023809523809524 0.048657407407407406
4 0.8847743055555555 0.5466534391534391 0.03425843253968254 0.04666997354497354
4 0.30895585317460317 0.5645304232804234 0.07086061507936507 0.15211640211640212
4 0.3300372023809524 0.48044312169312164 0.03720238095238095 0.057635582010582005
4 0.38725942460317464 0.4152480158730159 0.01984126984126984 0.03306878306878307
4 0.34970238095238093 0.42776785714285714 0.01984126984126984 0.03920965608465608
4 0.3709598214285714 0.4539880952380952 0.02976190476190476 0.07841931216931217
4 0.3978893849206349 0.5040641534391535 0.029052579365079365 0.07558531746031746
4 0.2997445436507936 0.45847552910052913 0.027636408730158733 0.0458234126984127
4 0.2588219246031746 0.41737433862433865 0.02019593253968254 0.03920965608465608
4 0.24553571428571427 0.4487896825396826 0.03047123015873016 0.0453505291005291
4 0.10399057539682541 0.45044312169312173 0.04003720238095238 0.059996693121693125
4 0.03667162698412699 0.43886904761904766 0.026572420634920636 0.04251653439153439
4 0.018105158730158732 0.4799702380952381 0.03408482142857143 0.08786706349206348
0 0.06402281746031746 0.57114417989418 0.06696428571428571 0.1407771164021164
4 0.14551339285714288 0.5794113756613757 0.08042906746031747 0.19699404761904762
0 0.32125248015873015 0.4183201058201058 0.02019593253968254 0.03542989417989418
0 0.2833407738095238 0.419973544973545 0.020905257936507937 0.04062830687830688
0 0.16606398809523812 0.40674603174603174 0.025865575396825397 0.024566798941798945
4 0.2346626984126984 0.564156746031746 0.08516617063492063 0.18362103174603173