4 0.9067237103174602 0.8177876984126984 0.18655257936507935 0.36442791005291003
4 0.7136135912698413 0.793882275132275 0.16311259920634918 0.41223544973544973
4 0.9020337301587301 0.6257308201058202 0.09421130952380953 0.11530423280423281
4 0.9115252976190477 0.5558928571428572 0.07100942460317461 0.08436838624338625
4 0.9435168650793652 0.5062070105820106 0.06749503968253968 0.08436838624338625
4 0.8127455357142856 0.47058531746031745 0.04218501984126984 0.059996693121693125
4 0.7898958333333334 0.5137070105820106 0.04569940476190476 0.07686838624338624
4 0.7730208333333334 0.5629232804232804 0.07804067460317461 0.13592592592592592
4 0.7090426587301588 0.4823048941798942 0.04569940476190476 0.0890542328042328
4 0.7445486111111111 0.46917989417989414 0.03796626984126984 0.08155423280423281
4 0.6622891865079364 0.5005820105820106 0.03796626984126984 0.08999338624338624
4 0.6303000992063492 0.5779199735449736 0.07100942460317461 0.15842592592592591
4 0.6257291666666667 0.4752744708994709 0.03937251984126984 0.06936838624338625
4 0.5290575396825397 0.6458829365079365 0.09772569444444444 0.2062334656084656
4 0.5202703373015873 0.5249570105820106 0.06608878968253969 0.12186507936507936
4 0.3177852182539682 0.5985449735449735 0.08999255952380952 0.2371693121693122
4 0.16803323412698412 0.6032308201058201 0.08296130952380952 0.2409160052910053
4 0.2492361111111111 0.5441732804232804 0.0794469246031746 0.16592261904761904
4 0.3037251984126984 0.4607440476190476 0.04077876984126984 0.07593253968253968
4 0.381765873015873 0.44714947089947094 0.030935019841269843 0.08249338624338624
4 0.39828621031746037 0.41434193121693125 0.02320188492063492 0.04687169312169313
4 0.4095362103174603 0.497771164021164 0.04429315476190476 0.08999338624338624
4 0.34731398809523806 0.48371031746031745 0.05483878968253968 0.06749338624338624
4 0.44117559523809524 0.6383862433862434 0.07804067460317461 0.34122023809523805
0 0.568782242063492 0.48933531746031744 0.044997519841269845 0.10311507936507937
0 0.5557738095238095 0.4185582010582011 0.027420634920634922 0.04030753968253968
0 0.1922891865079365 0.4030919312169312 0.027420634920634922 0.03937169312169312
4 0.09702380952380953 0.578859126984127 0.08296130952380952 0.15655092592592593
3 0.039020337301587306 0.6472916666666667 0.07804067460317461 0.5390178571428571
4 0.19193700396825397 0.49167658730158725 0.049213789682539685 0.0871792328042328
4 0.1198735119047619 0.4532440476190476 0.056949404761904764 0.07218253968253968
4 0.08823412698412698 0.494021164021164 0.04991815476190477 0.061868386243386246
4 0.23166170634920633 0.44714947089947094 0.03726190476190477 0.059996693121693125
4 0.2562673611111111 0.44152447089947094 0.034449404761904764 0.05624669312169312
4 0.33184771825396825 0.41996693121693124 0.02249751984126984 0.04499669312169312
4 0.3568055555555556 0.4302777777777778 0.02179563492063492 0.04874669312169312
5 0.41937996031746033 0.43121362433862437 0.034449404761904764 0.05437169312169312