4 0.8540493697478991 0.7971521942110178 0.1254674369747899 0.2808893557422969
4 0.65359418767507 0.7520238095238095 0.15056022408963585 0.26688375350140053
4 0.8099912464985994 0.676937441643324 0.10504201680672269 0.15406162464985995
4 0.8657212885154062 0.5228758169934641 0.0659436274509804 0.08092203548085901
4 0.8505479691876751 0.5804551820728292 0.07644782913165267 0.0855905695611578
4 0.7472566526610644 0.4956419234360411 0.03326330532212885 0.06224789915966387
4 0.7294590336134454 0.5392156862745098 0.05719012605042017 0.07625350140056023
4 0.7069905462184873 0.5788982259570495 0.058940826330532214 0.09648225957049486
4 0.5681022408963585 0.5956279178338002 0.08461659663865546 0.11749066293183939
4 0.6083683473389355 0.5423272642390289 0.07644782913165267 0.11204481792717087
4 0.6457160364145658 0.5236531279178338 0.05193802521008404 0.09803921568627451
4 0.6757703081232493 0.496421568627451 0.03968312324929972 0.06847105508870215
4 0.46743697478991597 0.5434943977591036 0.0548546918767507 0.08947945845004668
4 0.5217086834733894 0.5201517273576097 0.051353291316526606 0.09726190476190477
4 0.5631425070028011 0.5092600373482726 0.03268032212885154 0.07391923436041084
4 0.47735819327731094 0.669157329598506 0.10854341736694678 0.16184173669467788
4 0.2696078431372549 0.6084663865546218 0.09920693277310924 0.1836297852474323
4 0.1922846638655462 0.5722852474323062 0.07761379551820728 0.1439472455648926
2 0.49107142857142855 0.48008169934640527 0.03209558823529412 0.07469654528478058
4 0.34868172268907566 0.5419397759103641 0.04960259103641456 0.10504201680672269
0 0.3892384453781512 0.5932936507936508 0.0863672969187675 0.17973856209150327
3 0.05558473389355742 0.746265172735761 0.11116946778711484 0.507469654528478
4 0.09628851540616247 0.6331699346405228 0.12429971988795518 0.24393090569561157
0 0.10463760504201682 0.49201213818860884 0.039429271708683475 0.04448412698412698
4 0.04903361344537815 0.5024603174603175 0.06874649859943978 0.08694444444444445
4 0.3288235294117647 0.48257703081232495 0.04498949579831933 0.07009570494864613
4 0.3743172268907563 0.45528011204481794 0.03690126050420168 0.0775093370681606
4 0.2858560924369748 0.5182983193277311 0.06015406162464986 0.07818394024276377
4 0.2325262605042017 0.5054925303454716 0.043471638655462184 0.06335434173669469
4 0.27448179271708684 0.4593253968253968 0.036395308123249294 0.054593837535014005
4 0.30127450980392156 0.4687605042016807 0.029318977591036414 0.054593837535014005
0 0.2110434173669468 0.4458450046685341 0.032857142857142856 0.04650560224089636
0 0.1637797619047619 0.48729458450046687 0.04852766106442577 0.05796218487394958
4 0.19360294117647056 0.47752334267040153 0.03841736694677871 0.0653781512605042
4 0.2431425070028011 0.46741129785247437 0.04448354341736695 0.05594070961718021