3 0.07746848739495799 0.4545985060690943 0.06565126050420168 0.0992063492063492
4 0.11029411764705882 0.5648926237161531 0.117296918767507 0.2030812324929972
4 0.17331932773109243 0.623249299719888 0.12605042016806722 0.28244631185807656
4 0.26829481792717086 0.6582633053221288 0.1636904761904762 0.3641456582633053
4 0.391281512605042 0.7544351073762838 0.23109243697478993 0.4911297852474323
4 0.6906512605042017 0.7853641456582633 0.32563025210084034 0.42927170868347336
4 0.35626750700280113 0.4738562091503268 0.08403361344537816 0.10037348272642391
4 0.4521183473389356 0.5007002801120448 0.09891456582633053 0.15406162464985995
4 0.5243347338935574 0.5380485527544351 0.11379551820728291 0.18674136321195145
4 0.6096813725490197 0.5421335200746965 0.1251750700280112 0.21125116713352007
4 0.740546218487395 0.5788982259570495 0.1400560224089636 0.26143790849673204
4 0.8416491596638656 0.49369747899159666 0.08841036414565827 0.16339869281045752
4 0.7449229691876751 0.4388422035480859 0.06302521008403361 0.07236227824463119
6 0.5558473389355743 0.45634920634920634 0.052521008403361345 0.10270774976657329
5 0.6219362745098039 0.4417600373482726 0.053396358543417365 0.052521008403361345