4 0.6863839285714286 0.7836904761904763 0.15252976190476192 0.34515873015873016
4 0.8917410714285714 0.8353174603174603 0.17633928571428573 0.32936507936507936
4 0.8363095238095238 0.670327380952381 0.10267857142857142 0.16473214285714285
4 0.9063740079365079 0.5757936507936509 0.0716765873015873 0.09470568783068782
4 0.9083581349206349 0.5159589947089948 0.06572420634920635 0.08747023809523809
4 0.7487599206349206 0.5822354497354497 0.061507936507936505 0.12412367724867726
4 0.7839781746031746 0.5283597883597884 0.03273809523809524 0.06266865079365079
4 0.7961309523809523 0.4929861111111111 0.032242063492063495 0.06467592592592593
4 0.6408730158730159 0.5498445767195768 0.07886904761904762 0.08579695767195766
4 0.6897321428571429 0.5000925925925925 0.04265873015873016 0.06896825396825397
4 0.7256944444444444 0.4797619047619047 0.04017857142857143 0.06468253968253967
4 0.6063988095238095 0.5824007936507937 0.0744047619047619 0.1079265873015873
4 0.5317460317460317 0.6612334656084656 0.09871031746031746 0.19614087301587302
4 0.4283234126984127 0.6250231481481481 0.10515873015873016 0.26591931216931214
4 0.5075644841269841 0.5177744708994709 0.057787698412698416 0.09441137566137567
4 0.5592757936507936 0.5062070105820106 0.03968253968253968 0.07789021164021163
4 0.6060267857142857 0.48307208994708994 0.03149801587301587 0.0448478835978836
4 0.546875 0.43628968253968253 0.034722222222222224 0.06702711640211641
0 0.3115079365079365 0.6217228835978835 0.09474206349206349 0.2196395502645503
4 0.39112103174603174 0.5166203703703703 0.030753968253968252 0.08879298941798941
4 0.1953125 0.5162863756613757 0.053323412698412696 0.10796626984126985
4 0.25 0.5655357142857143 0.06101190476190476 0.1601686507936508
4 0.15401785714285715 0.6137896825396825 0.10218253968253968 0.24079365079365078
4 0.24342757936507936 0.4564583333333333 0.03050595238095238 0.04784060846560846
4 0.10491071428571429 0.4645568783068783 0.05357142857142857 0.06072751322751322
4 0.16728670634920634 0.42422949735449733 0.031994047619047616 0.03298280423280423
4 0.39384920634920634 0.4364583333333333 0.03125 0.050826719576719574
0 0.3793402777777778 0.4705026455026455 0.03447420634920635 0.08584656084656085
6 0.21875 0.4637301587301587 0.03819444444444445 0.06238095238095238
6 0.16158234126984128 0.4714980158730159 0.04538690476190476 0.054771825396825395
6 0.2829861111111111 0.4624074074074074 0.04265873015873016 0.05973544973544973
6 0.3288690476190476 0.4357903439153439 0.05009920634920635 0.10239748677248676