4 0.42296918767507 0.6573529411764706 0.08263305322128851 0.2731582633053221
4 0.5160189075630253 0.7043767507002802 0.1094187675070028 0.2574929971988795
4 0.687062324929972 0.8105742296918768 0.1328781512605042 0.3788515406162465
4 0.9035364145658263 0.8415849673202614 0.15091036414565825 0.3168300653594771
4 0.8444502801120448 0.6930882352941177 0.10101540616246499 0.15989262371615312
4 0.7542016806722689 0.6057026143790849 0.07282913165266107 0.12751167133520075
4 0.8823529411764706 0.5887908496732026 0.08403361344537816 0.08668534080298787
4 0.7636554621848739 0.5362908496732026 0.05672268907563025 0.061050420168067235
4 0.7956932773109243 0.5084033613445378 0.05427170868347339 0.07763538748832866
4 0.9169292717086834 0.5206512605042016 0.08490896358543418 0.09046218487394958
4 0.8544292717086834 0.5645261437908496 0.04044117647058824 0.056832399626517274
4 0.6827731092436975 0.5218160597572362 0.056022408963585436 0.0974626517273576
4 0.7261029411764706 0.5046661998132586 0.04639355742296919 0.08883986928104574
4 0.646358543417367 0.5570518207282913 0.06722689075630252 0.10724089635854342
4 0.5972514005602241 0.6088538748832867 0.08280812324929972 0.1174766573295985
4 0.5025385154061625 0.5423552754435107 0.04394257703081232 0.0825140056022409
6 0.5582983193277311 0.5141176470588236 0.05567226890756303 0.09606676003734828
4 0.29403011204481794 0.6293744164332399 0.10661764705882353 0.21453781512605044
4 0.3291316526610644 0.5136554621848739 0.056022408963585436 0.05779645191409897
4 0.23371848739495799 0.5738468720821662 0.07177871148459383 0.15016806722689077
4 0.13620448179271707 0.6434897292250233 0.08333333333333333 0.23109710550887022
4 0.17603291316526612 0.5347735760971054 0.07370448179271709 0.06968487394957983
4 0.06311274509803921 0.6049953314659198 0.06845238095238096 0.16811624649859944
4 0.09838935574229692 0.49031979458450053 0.07072829131652661 0.057812791783380016
6 0.14259453781512604 0.4869397759103642 0.04534313725490196 0.044047619047619044
5 0.20667016806722688 0.4889169000933707 0.033438375350140055 0.07368113912231558
6 0.36195728291316526 0.4823856209150327 0.03939075630252101 0.06995098039215687
0 0.40931372549019607 0.4737535014005602 0.04131652661064426 0.04802287581699346
4 0.5365021008403361 0.4592880485527544 0.03483893557422969 0.037763772175536885
4 0.6054796918767507 0.4919537815126051 0.039740896358543415 0.05641223155929038
4 0.0665266106442577 0.5232236227824463 0.049019607843137254 0.05359010270774977
4 0.16036414565826332 0.4406185807656396 0.047619047619047616 0.03777544351073763
4 0.249562324929972 0.4452847805788982 0.03168767507002801 0.04710550887021476
6 0.2713585434173669 0.4428361344537815 0.031512605042016806 0.0352077497665733
4 0.3168767507002801 0.46045051353874883 0.03851540616246499 0.06343137254901961
4 0.2857142857142857 0.4669864612511671 0.03221288515406162 0.05782679738562091
3 0.031862745098039214 0.6863818860877684 0.06372549019607843 0.522294584500467
4 0.22960434173669467 0.4795028011204482 0.026785714285714284 0.052845471521942106