4 0.26435574229691877 0.8216619981325863 0.17682072829131654 0.28944911297852477
4 0.5365896358543417 0.8508403361344538 0.15056022408963585 0.2567693744164332
8 0.9199929971988795 0.7201213818860878 0.13130252100840337 0.24976657329598506
8 0.781687675070028 0.6314192343604108 0.09803921568627451 0.18674136321195145
2 0.42935924369747897 0.7212885154061625 0.11467086834733893 0.22875816993464052
4 0.6770833333333334 0.7242063492063492 0.11992296918767507 0.22292250233426705
4 0.7164740896358543 0.5753968253968254 0.077906162464986 0.12371615312791784
4 0.663077731092437 0.5713118580765639 0.07615546218487394 0.11087768440709617
4 0.6302521008403361 0.6582633053221288 0.10854341736694678 0.1400560224089636
4 0.5676645658263305 0.626750700280112 0.077906162464986 0.15873015873015872
4 0.6171218487394958 0.5444677871148459 0.04551820728291316 0.10620915032679738
4 0.5803571428571429 0.5304621848739496 0.052521008403361345 0.05952380952380952
4 0.5182072829131653 0.5899859943977591 0.0665266106442577 0.0992063492063492
4 0.45518207282913165 0.6355042016806722 0.05952380952380952 0.12488328664799253
4 0.39828431372549017 0.6022408963585434 0.06302521008403361 0.12371615312791784
0 0.5291491596638656 0.5082866479925303 0.048144257703081235 0.07352941176470588
5 0.48757002801120447 0.49019607843137253 0.04551820728291316 0.07936507936507936
4 0.47619047619047616 0.5421335200746965 0.056022408963585436 0.07586367880485527
4 0.44424019607843135 0.5141223155929038 0.04639355742296919 0.07819794584500467
4 0.42804621848739494 0.5047852474323062 0.02976190476190476 0.05485527544351074
4 0.41316526610644255 0.4849439775910364 0.03326330532212885 0.04551820728291316
4 0.38252801120448177 0.5333800186741363 0.049019607843137254 0.04668534080298786
4 0.3387605042016807 0.511204481792717 0.04376750700280112 0.07469654528478058
4 0.28273809523809523 0.5859010270774977 0.06477591036414566 0.10037348272642391
4 0.2647934173669468 0.5024509803921569 0.03764005602240896 0.05718954248366013