4 0.3405456349206349 0.5730224867724868 0.027646329365079363 0.0692526455026455
4 0.5092981150793651 0.8496792328042327 0.1235044642857143 0.24955687830687828
4 0.21613343253968256 0.8352513227513229 0.1572470238095238 0.2597420634920635
4 0.22759176587301586 0.5589550264550265 0.03374007936507936 0.0585681216931217
4 0.29953125 0.5003869047619048 0.02992063492063492 0.0534755291005291
4 0.33581845238095237 0.5186375661375661 0.03119543650793651 0.039047619047619046
4 0.3596924603174603 0.5300958994708995 0.02546378968253968 0.0348015873015873
4 0.3800644841269841 0.4821362433862434 0.017824900793650796 0.037347883597883595
4 0.4488194444444445 0.47577050264550264 0.03310515873015873 0.0585681216931217
4 0.4103050595238095 0.5126951058201058 0.026101190476190476 0.06111441798941799
8 0.48924603174603176 0.5126951058201058 0.03628720238095238 0.07469576719576719
8 0.862624007936508 0.7049537037037038 0.10949900793650794 0.21984788359788363
8 0.7477132936507938 0.6209193121693122 0.0668452380952381 0.17231150793650796
0 0.6378968253968254 0.7261739417989418 0.09040178571428571 0.21645171957671955
4 0.6741840277777778 0.5856944444444445 0.05474950396825397 0.13581349206349205
4 0.6270734126984128 0.5636243386243387 0.056021825396825396 0.06451058201058202
4 0.5841021825396825 0.5356117724867725 0.03628720238095238 0.06451058201058202
4 0.5436755952380952 0.5266997354497355 0.03947172619047619 0.061964285714285715
4 0.5360367063492064 0.6154034391534392 0.05347718253968254 0.11883597883597884
4 0.4905183531746032 0.6022453703703704 0.061753472222222223 0.10780092592592593
4 0.4720560515873016 0.5559854497354497 0.03628720238095238 0.04583664021164022
4 0.4459548611111111 0.5339153439153439 0.04265376984126984 0.05941798941798942
4 0.40107390873015875 0.6243154761904762 0.05347718253968254 0.09931216931216931
4 0.4322668650793651 0.7363624338624339 0.08148809523809523 0.18589285714285714
4 0.36765128968253963 0.5733862433862434 0.03119543650793651 0.06366071428571428