8 0.5037202380952381 0.7287268518518519 0.13690476190476192 0.23523148148148149
4 0.2411954365079365 0.7754993386243386 0.18973214285714285 0.2659457671957672
4 0.43427579365079366 0.6138591269841269 0.11706349206349206 0.1741468253968254
4 0.39558531746031744 0.5375099206349206 0.08928571428571429 0.08096891534391534
4 0.6475694444444444 0.6216269841269841 0.09722222222222222 0.16653769841269842
8 0.8695436507936508 0.6229431216931217 0.1195436507936508 0.2220734126984127
8 0.7549603174603174 0.5356779100529101 0.09871031746031746 0.1533664021164021
4 0.6853918650793651 0.4923776455026455 0.06125992063492063 0.1130654761904762
4 0.6240079365079365 0.4621329365079365 0.06498015873015874 0.08895171957671957
4 0.5558035714285714 0.432880291005291 0.05257936507936508 0.07343253968253968
4 0.5127728174603174 0.4105654761904762 0.053323412698412696 0.06518187830687831
4 0.46912202380952384 0.38213624338624336 0.03546626984126984 0.06123015873015873
4 0.5017361111111112 0.47321097883597885 0.05357142857142857 0.07472883597883598
4 0.4476686507936508 0.4401554232804233 0.044642857142857144 0.061524470899470905
4 0.4260912698412698 0.40742724867724867 0.036210317460317464 0.05559523809523809
4 0.4105902777777778 0.3836276455026455 0.027529761904761904 0.03445436507936508
4 0.3948412698412698 0.37734788359788357 0.023313492063492064 0.028505291005291006
4 0.36086309523809523 0.4713988095238095 0.0496031746031746 0.04133928571428572
4 0.34325396825396826 0.420651455026455 0.039186507936507936 0.04236441798941799
4 0.24330357142857142 0.45965608465608465 0.04265873015873016 0.08068783068783068
0 0.5642361111111112 0.533369708994709 0.08928571428571429 0.1156845238095238