3 0.17410714285714285 0.6184850606909431 0.15738795518207283 0.36582399626517276
3 0.8279936974789915 0.45330532212885155 0.06810224089635854 0.15684173669467785
5 0.2644432773109244 0.5789589169000934 0.06495098039215687 0.19106676003734827
0 0.6663165266106442 0.5906232492997199 0.14915966386554622 0.2237278244631186
5 0.533000700280112 0.6628408029878619 0.11186974789915967 0.25845238095238093
5 0.4491421568627451 0.5781512605042017 0.07370448179271709 0.1404295051353875
0 0.3223914565826331 0.6358940242763772 0.09331232492997199 0.21156629318394024
5 0.3644957983193277 0.5358029878618115 0.07072829131652661 0.1094187675070028
8 0.40905112044817926 0.6946895424836602 0.13707983193277312 0.2731349206349206
6 0.5080532212885154 0.5450186741363212 0.06372549019607843 0.12084733893557424
6 0.41255252100840334 0.5032516339869281 0.04604341736694678 0.09800653594771243