4 0.8891369047619048 0.8123908730158731 0.1595560515873016 0.27336970899470897
4 0.6799776785714285 0.7694014550264551 0.1347544642857143 0.27557208994709
4 0.8552405753968254 0.6591699735449735 0.09342013888888889 0.09038690476190475
4 0.8775620039682539 0.5886243386243386 0.062003968253968256 0.08818452380952381
4 0.9056721230158731 0.5279993386243387 0.06365823412698413 0.07495701058201058
4 0.7254464285714286 0.5869708994708994 0.052083333333333336 0.07165013227513227
4 0.7609945436507937 0.5461871693121694 0.04712301587301587 0.07165013227513227
4 0.7824900793650794 0.5042989417989417 0.040508432539682546 0.06283068783068783
4 0.7080853174603174 0.4938260582010582 0.028936011904761905 0.0573181216931217
4 0.6762574404761905 0.5197321428571429 0.042988591269841274 0.08708002645502645
4 0.6353348214285715 0.5500429894179893 0.05869791666666666 0.11463955026455026
4 0.5844915674603175 0.591931216931217 0.06117807539682539 0.09700066137566137
4 0.5067782738095238 0.6619279100529101 0.08432539682539683 0.18628637566137568
4 0.4952058531746032 0.5373677248677249 0.04794890873015873 0.07165013227513227
4 0.5497693452380953 0.5147718253968254 0.036376488095238094 0.06172949735449735
4 0.59234375 0.49989087301587304 0.03720238095238095 0.06723875661375661
4 0.42204117063492064 0.6382275132275133 0.09176587301587301 0.25132275132275134
4 0.2926587301587302 0.6266534391534392 0.08928571428571429 0.21715277777777778
4 0.3844246031746032 0.5302017195767196 0.03968253968253968 0.0815707671957672
4 0.31332589285714285 0.5109126984126984 0.034722222222222224 0.06503637566137566
4 0.2628968253968254 0.49933862433862436 0.03802827380952381 0.04850198412698412
4 0.2302405753968254 0.5891765873015873 0.06696428571428571 0.1818783068783069
4 0.13434275793650793 0.6057109788359789 0.07688492063492064 0.16865079365079366
4 0.16203621031746032 0.5318551587301588 0.06117807539682539 0.06723875661375661
4 0.1355828373015873 0.4899702380952381 0.03802827380952381 0.03858134920634921
4 0.2269345238095238 0.4805985449735449 0.03058779761904762 0.04409060846560847
4 0.2773635912698412 0.4646164021164021 0.03058779761904762 0.036375661375661374
4 0.3034052579365079 0.4513888888888889 0.021495535714285714 0.04078373015873016
4 0.33110119047619047 0.4679232804232804 0.019015376984126985 0.04298941798941799
3 0.09052579365079365 0.6949966931216931 0.12318204365079366 0.5544543650793651
0 0.40197172619047616 0.47583664021164024 0.032646329365079364 0.04189814814814815
0 0.3576934523809524 0.4869907407407408 0.03387152777777778 0.07944113756613756
5 0.2020064484126984 0.4891666666666667 0.032646329365079364 0.05658730158730159
4 0.24033978174603174 0.4455224867724868 0.02093501984126984 0.03864748677248677