4 0.9089335317460318 0.7977876984126985 0.15568452380952383 0.3253108465608466
4 0.8756274801587302 0.6273842592592592 0.07977926587301588 0.11256944444444446
4 0.9135813492063491 0.5612896825396825 0.06428819444444443 0.07539021164021163
4 0.9217137896825397 0.4972619047619048 0.055766369047619044 0.0691931216931217
4 0.7946875 0.4709259259259259 0.03562996031746032 0.047506613756613754
4 0.7780357142857143 0.5086210317460317 0.04724702380952381 0.05886574074074074
4 0.7493774801587301 0.5432175925925926 0.04414930555555555 0.07229166666666667
4 0.6970957341269841 0.7430522486772486 0.09604414682539683 0.3067228835978836
4 0.5286309523809524 0.671276455026455 0.10146577380952382 0.23546296296296296
4 0.43684523809523806 0.6144775132275132 0.08520089285714286 0.25405092592592593
4 0.5007465277777777 0.5086210317460317 0.042599206349206345 0.0774537037037037
4 0.6053100198412699 0.5783300264550264 0.06428819444444443 0.1590410052910053
4 0.6498462301587301 0.5174007936507936 0.04337549603174603 0.09707671957671958
4 0.7001934523809523 0.4879662698412698 0.04182539682539682 0.07539021164021163
4 0.7280778769841271 0.4662797619047619 0.03407986111111111 0.05886574074074074
4 0.6118948412698413 0.47299272486772487 0.037177579365079365 0.055767195767195764
4 0.5588368055555556 0.4972619047619048 0.03795386904761905 0.0898478835978836
5 0.5394742063492063 0.42083994708994704 0.030208333333333334 0.06299603174603174
4 0.30422371031746037 0.6000760582010582 0.07070684523809523 0.2214219576719577
4 0.23119295634920634 0.552936507936508 0.06605406746031746 0.15195767195767196
4 0.3974925595238095 0.49587632275132276 0.030235615079365077 0.06512566137566138
4 0.38888640873015873 0.4198974867724868 0.023258928571428573 0.04093584656084656
4 0.37167410714285715 0.4552513227513228 0.03256200396825397 0.07938822751322751
4 0.33166914682539683 0.4828505291005291 0.03070188492063492 0.05520171957671958
4 0.29654761904761906 0.4620734126984127 0.029305555555555553 0.048379629629629634
4 0.3428348214285714 0.43354166666666666 0.018606150793650793 0.04465608465608465
4 0.14118055555555556 0.5913921957671957 0.09535962301587302 0.19909391534391532
4 0.06768353174603174 0.5582109788359788 0.052564484126984126 0.11412367724867725
4 0.024188988095238097 0.48719246031746033 0.04837797619047619 0.0874537037037037
4 0.03720486111111111 0.4350925925925926 0.028841765873015873 0.037833994708994706
4 0.106515376984127 0.45649140211640216 0.047447916666666666 0.0694675925925926
4 0.18140873015873019 0.48874338624338626 0.029771825396825397 0.057060185185185186
4 0.24211309523809524 0.443776455026455 0.027445436507936505 0.03535383597883598
4 0.25839533730158726 0.41648478835978836 0.02558531746031746 0.02666997354497355
4 0.3202628968253968 0.4183465608465608 0.020932539682539685 0.03287367724867725
5 0.4186483134920635 0.4375727513227513 0.02232886904761905 0.04279761904761904
5 0.21908730158730158 0.4552513227513228 0.029771825396825397 0.05085978835978836
0 0.15977926587301589 0.46331349206349204 0.024655257936507937 0.04589616402116402
0 0.2823511904761905 0.424239417989418 0.016746031746031745 0.03845568783068783
0 0.16280257936507936 0.40966269841269837 0.024188988095238097 0.029150132275132277
4 0.2009449404761905 0.4276521164021164 0.018606150793650793 0.036593915343915345