5 0.510766806722689 0.7551353874883286 0.15318627450980393 0.27310924369747897
0 0.3549544817927171 0.7872315592903828 0.156687675070028 0.31629318394024275
4 0.03851540616246499 0.648342670401494 0.0700280112044818 0.1972455648926237
0 0.3243172268907563 0.6541783380018674 0.077906162464986 0.08520074696545285
4 0.2271533613445378 0.6214985994397759 0.06915266106442577 0.18090569561157796
0 0.06696428571428571 0.5567226890756303 0.06039915966386555 0.08636788048552754
4 0.14574579831932774 0.5479691876750701 0.04639355742296919 0.12721755368814192
4 0.45080532212885155 0.6302521008403361 0.07177871148459383 0.10971055088702147
4 0.38865546218487396 0.5841503267973857 0.07528011204481792 0.14122315592903828
4 0.3291316526610644 0.5806489262371616 0.07352941176470588 0.11554621848739496
4 0.6521358543417367 0.6565126050420168 0.09628851540616247 0.16223155929038283
4 0.5532212885154062 0.5964052287581699 0.09278711484593838 0.10971055088702147
4 0.46875 0.5473856209150327 0.07090336134453781 0.10270774976657329
4 0.6582633053221288 0.5497198879551821 0.056022408963585436 0.10270774976657329
0 0.5238970588235294 0.5240429505135388 0.04639355742296919 0.09103641456582633
6 0.5724789915966386 0.5182072829131653 0.061274509803921566 0.07236227824463119
5 0.3085609243697479 0.5275443510737629 0.05164565826330532 0.09103641456582633
5 0.37683823529411764 0.4977824463118581 0.0428921568627451 0.04551820728291316
5 0.2656687675070028 0.5170401493930906 0.044642857142857144 0.06535947712418301
4 0.23196778711484595 0.5001167133520075 0.04201680672268908 0.05485527544351074
0 0.7510504201680672 0.5678104575163399 0.06477591036414566 0.14589169000933708
4 0.8114495798319328 0.5608076563958917 0.056022408963585436 0.1388888888888889
0 0.4328606442577031 0.5152894491129785 0.04639355742296919 0.103874883286648
0 0.33788515406162467 0.49719887955182074 0.04376750700280112 0.0700280112044818
4 0.7247899159663865 0.4668534080298786 0.03851540616246499 0.051353874883286646
4 0.7694327731092437 0.4703548085901027 0.040266106442577033 0.04668534080298786
4 0.8565301120448179 0.48902894491129784 0.04114145658263305 0.06535947712418301
4 0.9326855742296919 0.5269607843137255 0.056897759103641456 0.09453781512605042
4 0.6788340336134454 0.47327264239028943 0.02538515406162465 0.052521008403361345
2 0.6543242296918768 0.4837768440709617 0.035889355742296916 0.05718954248366013
4 0.4845063025210084 0.48786181139122314 0.03413865546218487 0.04201680672268908