4 0.9356820436507937 0.8327810846560846 0.12863839285714285 0.2744708994708995
4 0.7246205357142858 0.8201058201058201 0.1595560515873016 0.2799834656084656
5 0.9519667658730159 0.6409821428571428 0.08019097222222221 0.10692129629629629
5 0.611359126984127 0.5467361111111111 0.05538938492063492 0.08377314814814815
5 0.11739335317460317 0.5406746031746031 0.01984126984126984 0.04298941798941799
4 0.7436334325396825 0.6437400793650794 0.06531001984126984 0.08377314814814815
4 0.7907564484126984 0.6012996031746032 0.050429067460317466 0.08046626984126984
4 0.9358457341269841 0.5776025132275132 0.036376488095238094 0.055115740740740736
4 0.9807366071428572 0.5500429894179893 0.03852430555555556 0.07715939153439154
4 0.8478000992063491 0.5500429894179893 0.03720238095238095 0.08377314814814815
4 0.772983630952381 0.5307539682539683 0.02976190476190476 0.06723875661375661
4 0.7440476190476191 0.5456349206349206 0.03968253968253968 0.0815707671957672
4 0.6903100198412698 0.5671296296296297 0.056217757936507934 0.09149140211640212
4 0.6456671626984127 0.6316137566137566 0.08432539682539683 0.11463955026455026
4 0.5497693452380953 0.6790112433862434 0.0992063492063492 0.2270734126984127
4 0.461217757936508 0.6558895502645503 0.08349950396825397 0.2369940476190476
4 0.5361284722222223 0.566577380952381 0.032242063492063495 0.07054563492063493
4 0.6510416666666666 0.5313062169312169 0.03058779761904762 0.06393187830687831
4 0.43237351190476186 0.5643750000000001 0.0496031746031746 0.07495701058201058
4 0.3327554563492064 0.658068783068783 0.08019097222222221 0.20282076719576722
4 0.36540922619047617 0.5456349206349206 0.04133680555555555 0.07495701058201058
4 0.32531498015873017 0.5257936507936508 0.033896329365079365 0.06393187830687831
4 0.17319692460317462 0.683422619047619 0.0686185515873016 0.26675595238095234
4 0.2211483134920635 0.5649239417989418 0.05869791666666666 0.08487764550264551
4 0.10416666666666667 0.6646825396825397 0.0744047619047619 0.2336871693121693
4 0.06365823412698413 0.5279993386243387 0.03802827380952381 0.07495701058201058
4 0.09342013888888889 0.49603174603174605 0.028107638888888887 0.041888227513227516
4 0.4525768849206349 0.49879629629629624 0.01999751984126984 0.038736772486772486
4 0.42654265873015873 0.48043320105820103 0.020751488095238097 0.0362202380952381
4 0.4112624007936508 0.504077380952381 0.026411210317460316 0.06439484126984127
4 0.39107638888888885 0.49150132275132274 0.02376984126984127 0.044269179894179896
4 0.14111111111111113 0.5151455026455026 0.04452132936507936 0.052318121693121694
4 0.1522420634920635 0.4852116402116402 0.02980654761904762 0.039742063492063495
0 0.21977926587301586 0.48068452380952376 0.025280257936507938 0.039742063492063495
0 0.20751736111111113 0.5111210317460317 0.030183531746031746 0.03521494708994709
0 0.2580753968253968 0.5138888888888888 0.02263888888888889 0.05181547619047619
0 0.2861855158730159 0.5740046296296296 0.04037202380952381 0.13482473544973544
0 0.36353174603174604 0.48043320105820103 0.021505456349206347 0.04024470899470899
4 0.2850520833333333 0.49351521164021167 0.026788194444444444 0.030185185185185186