3 0.7711834733893558 0.4831932773109244 0.061274509803921566 0.17273576097105509
5 0.21314775910364145 0.5771475256769374 0.0744047619047619 0.1972455648926237
0 0.28317577030812324 0.6337535014005602 0.07965686274509803 0.2030812324929972
6 0.6622023809523809 0.5713118580765639 0.05514705882352941 0.15756302521008403
5 0.6070553221288515 0.6022408963585434 0.07615546218487394 0.18440709617180207
8 0.5151435574229691 0.6530112044817927 0.09541316526610644 0.19491129785247432
5 0.3960959383753501 0.667016806722689 0.13042717086834735 0.2415966386554622
4 0.38121498599439774 0.5812324929971989 0.06565126050420168 0.1353874883286648
0 0.5230217086834734 0.5240429505135388 0.053396358543417365 0.09103641456582633
5 0.311624649859944 0.5415499533146592 0.07177871148459383 0.10737628384687208
4 0.47575280112044815 0.5643090569561158 0.06740196078431372 0.13655462184873948
4 0.38821778711484595 0.5036181139122315 0.04989495798319328 0.08286647992530345