3 0.7602415966386554 0.4989495798319328 0.0586484593837535 0.169234360410831
5 0.6508228291316527 0.598155929038282 0.06214985994397759 0.1762371615312792
5 0.5912990196078431 0.6185807656395892 0.077906162464986 0.18440709617180207
8 0.5055147058823529 0.6722689075630253 0.09541316526610644 0.1984126984126984
5 0.3939075630252101 0.6611811391223156 0.12605042016806722 0.18557422969187676
6 0.27223389355742295 0.6454248366013072 0.117296918767507 0.18907563025210083
5 0.5120798319327731 0.5357142857142857 0.04376750700280112 0.08169934640522876
5 0.21577380952380953 0.574813258636788 0.09541316526610644 0.14822595704948646
4 0.2919292717086835 0.5292950513538749 0.06915266106442577 0.0688608776844071
6 0.36852240896358546 0.5042016806722689 0.05777310924369748 0.05368814192343604
0 0.3790266106442577 0.5666433239962652 0.06302521008403361 0.09220354808590103
4 0.46743697478991597 0.5718954248366013 0.0665266106442577 0.12605042016806722