8 0.36808473389355745 0.7987861811391224 0.24772408963585435 0.4024276377217554
8 0.19213935574229693 0.5695378151260504 0.1251750700280112 0.19140989729225025
8 0.8132002801120448 0.46974789915966386 0.11204481792717087 0.15522875816993464
8 0.4569327731092437 0.5140989729225024 0.09978991596638656 0.2089169000933707
8 0.5597864145658263 0.5199346405228759 0.10241596638655462 0.19957983193277312
8 0.6792717086834734 0.5817927170868348 0.15056022408963585 0.2766106442577031
4 0.33744747899159666 0.578874883286648 0.18294817927170867 0.1283846872082166
4 0.17331932773109243 0.4674136321195145 0.13480392156862744 0.11788048552754435
4 0.22759103641456582 0.4102240896358544 0.07703081232492998 0.11554621848739496
4 0.29455532212885155 0.39271708683473394 0.10591736694677871 0.14589169000933708
4 0.30637254901960786 0.48725490196078436 0.14180672268907563 0.12721755368814192
4 0.7882528011204482 0.35070028011204485 0.07265406162464987 0.1342203548085901
4 0.7300420168067226 0.40788982259570494 0.09453781512605042 0.09453781512605042
4 0.6731442577030813 0.43590102707749767 0.11379551820728291 0.10620915032679738
4 0.6009278711484594 0.4032212885154062 0.0936624649859944 0.10854341736694678
4 0.6735819327731093 0.3454481792717087 0.0586484593837535 0.09570494864612512
4 0.7186624649859944 0.3261904761904762 0.04551820728291316 0.08286647992530345
4 0.6298144257703081 0.330859010270775 0.07265406162464987 0.0665266106442577
4 0.5488445378151261 0.3722922502334267 0.08753501400560224 0.10971055088702147
0 0.4634978991596639 0.3524509803921569 0.0744047619047619 0.09103641456582633
4 0.37771358543417366 0.3880485527544351 0.08665966386554622 0.09453781512605042
4 0.39959733893557425 0.44115312791783384 0.09191176470588236 0.10504201680672269
0 0.4267331932773109 0.3197712418300654 0.06214985994397759 0.09337068160597572
4 0.5549719887955182 0.3092670401493931 0.056022408963585436 0.08636788048552754
4 0.5120798319327731 0.3261904761904762 0.04726890756302521 0.08286647992530345