3 0.7484243697478992 0.5071195144724556 0.0665266106442577 0.18557422969187676
3 0.2494747899159664 0.6646825396825397 0.11029411764705882 0.4400093370681606
6 0.28273809523809523 0.573062558356676 0.06477591036414566 0.22175536881419233
4 0.35189075630252103 0.5532212885154062 0.06302521008403361 0.10504201680672269
6 0.4258578431372549 0.5351307189542484 0.07265406162464987 0.09687208216619982
8 0.42016806722689076 0.767390289449113 0.15406162464985995 0.38165266106442575
8 0.5414040616246498 0.7376283846872083 0.1251750700280112 0.34547152194211017
8 0.6328781512605042 0.6419234360410832 0.08753501400560224 0.25210084033613445
6 0.6832107843137255 0.6156629318394025 0.0586484593837535 0.21358543417366946
6 0.5147058823529411 0.5637254901960784 0.0700280112044818 0.1330532212885154
6 0.583858543417367 0.5666433239962652 0.07352941176470588 0.15289449112978526
7 0.3230042016806723 0.6996965452847805 0.11904761904761904 0.3349673202614379
4 0.9621848739495799 0.6693510737628384 0.07563025210084033 0.25793650793650796
4 0.42323179271708683 0.5800653594771242 0.10241596638655462 0.08636788048552754