4 0.9269593253968254 0.8472222222222222 0.13516865079365079 0.3055555555555556
4 0.7136656746031746 0.8373015873015873 0.16245039682539683 0.3253968253968254
0 0.9505208333333334 0.646494708994709 0.07564484126984126 0.11574074074074074
4 0.9780505952380952 0.5572089947089947 0.04389880952380952 0.08267195767195767
4 0.9356398809523809 0.5811838624338624 0.03844246031746032 0.06448412698412699
4 0.8451140873015873 0.5530753968253969 0.05084325396825397 0.09424603174603174
4 0.7514880952380952 0.646494708994709 0.06696428571428571 0.09259259259259259
4 0.7403273809523809 0.5464616402116402 0.04712301587301587 0.0744047619047619
4 0.6851438492063492 0.5671296296296297 0.06076388888888889 0.08267195767195767
4 0.6467013888888888 0.5324074074074074 0.043402777777777776 0.06613756613756613
4 0.5481150793650794 0.7341269841269841 0.10168650793650794 0.3306878306878307
4 0.6405009920634921 0.6390542328042328 0.078125 0.14054232804232805
0 0.6082589285714286 0.544808201058201 0.05580357142857143 0.09755291005291006
0 0.46564980158730157 0.7035383597883598 0.10788690476190477 0.3158068783068783
0 0.2771577380952381 0.5671296296296297 0.045882936507936505 0.10251322751322751
0 0.22259424603174602 0.484457671957672 0.03844246031746032 0.056216931216931214
0 0.320766369047619 0.52744708994709 0.033067956349206354 0.06944444444444445
5 0.409640376984127 0.5087070105820105 0.02562748015873016 0.06723875661375661
0 0.06076388888888889 0.5461871693121694 0.03554811507936508 0.10030753968253968
4 0.09176587301587301 0.5059523809523809 0.034722222222222224 0.06393187830687831
4 0.1628645833333333 0.6608234126984127 0.07936507936507936 0.21935515873015873
4 0.09672619047619048 0.6404332010582011 0.08928571428571429 0.17195767195767195
4 0.3244866071428571 0.6657837301587302 0.10664682539682539 0.22045965608465606
4 0.4307217261904762 0.5704365079365079 0.046297123015873014 0.0958994708994709
4 0.5336483134920635 0.5588624338624338 0.032242063492063495 0.08818452380952381
4 0.7742237103174603 0.5279993386243387 0.03720238095238095 0.06613756613756613
4 0.3592708333333333 0.5556911375661376 0.051108630952380954 0.08718584656084655
4 0.36340525793650796 0.4840376984126984 0.03231894841269841 0.0460978835978836
4 0.14280753968253967 0.5226223544973545 0.05862599206349206 0.05912698412698413
0 0.12401537698412697 0.5536871693121693 0.04058779761904762 0.06513888888888889
0 0.25774057539682543 0.5242791005291005 0.02463045634920635 0.056299603174603176
0 0.21053323412698413 0.5213458994708995 0.03460069444444444 0.038703703703703705
4 0.3898363095238095 0.5014054232804233 0.02609623015873016 0.04730489417989418
4 0.4517063492063492 0.5105952380952381 0.020818452380952382 0.05708002645502646
4 0.2194766865079365 0.575380291005291 0.0718576388888889 0.10726521164021165
5 0.779499007936508 0.5982936507936508 0.07498263888888888 0.09268518518518518