4 0.8534663865546218 0.7883986928104575 0.15056022408963585 0.2766106442577031
4 0.663953081232493 0.7376283846872083 0.13217787114845939 0.25910364145658266
4 0.8175770308123249 0.6489262371615313 0.0700280112044818 0.09337068160597572
4 0.8442752100840336 0.5777310924369747 0.05164565826330532 0.08169934640522876
4 0.8617822128851541 0.5199579831932774 0.04114145658263305 0.07819794584500467
4 0.7488620448179272 0.5012838468720822 0.04114145658263305 0.06185807656395892
4 0.7247899159663865 0.532796451914099 0.03676470588235294 0.07819794584500467
4 0.7068452380952381 0.5771475256769374 0.06214985994397759 0.08286647992530345
4 0.6700805322128851 0.4913632119514472 0.02888655462184874 0.05368814192343604
4 0.6455707282913166 0.5088702147525677 0.04114145658263305 0.07236227824463119
4 0.5961134453781513 0.5240429505135388 0.04201680672268908 0.07236227824463119
4 0.5558473389355743 0.5964052287581699 0.0665266106442577 0.11904761904761904
4 0.47093837535014005 0.6705182072829131 0.09278711484593838 0.1762371615312792
4 0.4639355742296919 0.5427170868347339 0.0507703081232493 0.08636788048552754
4 0.509891456582633 0.5147058823529411 0.04114145658263305 0.07236227824463119
4 0.5602240896358543 0.5036181139122315 0.03676470588235294 0.05952380952380952
4 0.4897584033613445 0.4598506069094304 0.027135854341736695 0.04435107376283847
4 0.3873424369747899 0.623249299719888 0.08140756302521009 0.2334267040149393
4 0.26435574229691877 0.6063258636788048 0.0822829131652661 0.18557422969187676
4 0.194765406162465 0.5666433239962652 0.06390056022408963 0.1388888888888889
4 0.09278711484593838 0.6144957983193278 0.07528011204481792 0.19024276377217553
4 0.3269432773109244 0.48669467787114845 0.0428921568627451 0.07936507936507936
4 0.3715861344537815 0.4470121381886088 0.035889355742296916 0.11671335200746966
4 0.2980567226890756 0.4598506069094304 0.02888655462184874 0.04435107376283847
4 0.22540266106442577 0.5024509803921569 0.03764005602240896 0.0641923436041083
4 0.27923669467787116 0.507703081232493 0.040266106442577033 0.056022408963585436
4 0.2691701680672269 0.4505135387488329 0.030637254901960783 0.049019607843137254
4 0.33438375350140054 0.44876283846872084 0.026260504201680673 0.04318394024276377
4 0.20395658263305322 0.4429271708683473 0.02100840336134454 0.03851540616246499
4 0.23809523809523808 0.46218487394957986 0.03326330532212885 0.04435107376283847
4 0.03851540616246499 0.48902894491129784 0.052521008403361345 0.0700280112044818
0 0.10197829131652661 0.48902894491129784 0.030637254901960783 0.04435107376283847
0 0.15800070028011204 0.49019607843137253 0.03764005602240896 0.0700280112044818
4 0.1868872549019608 0.47327264239028943 0.03413865546218487 0.050186741363211954