4 0.12036064425770308 0.6121615312791784 0.195203081232493 0.36064425770308123
4 0.36545868347338933 0.6646825396825397 0.13567927170868346 0.32329598506069096
0 0.26698179271708683 0.5252100840336135 0.11204481792717087 0.24743230625583568
0 0.5024509803921569 0.7119514472455649 0.18032212885154061 0.31746031746031744
0 0.8722864145658263 0.4271708683473389 0.03238795518207283 0.07236227824463119
0 0.37202380952380953 0.4569327731092437 0.06477591036414566 0.14122315592903828
4 0.41272759103641454 0.40032679738562094 0.03764005602240896 0.07469654528478058
4 0.48625700280112044 0.5024509803921569 0.09016106442577031 0.15289449112978526
5 0.47662815126050423 0.39098972922502334 0.04989495798319328 0.07703081232492998
4 0.5020133053221288 0.37523342670401494 0.02888655462184874 0.07352941176470588
4 0.5912990196078431 0.42892156862745096 0.056897759103641456 0.06185807656395892
4 0.6495098039215687 0.6086601307189542 0.10329131652661064 0.21358543417366946
4 0.6792717086834734 0.47910830999066295 0.07528011204481792 0.08520074696545285
4 0.8556547619047619 0.5532212885154062 0.11642156862745098 0.12138188608776844
4 0.8740371148459384 0.7563025210084033 0.20220588235294118 0.32446311858076565
4 0.8460259103641457 0.4668534080298786 0.05164565826330532 0.07703081232492998
4 0.9160539215686274 0.4026610644257703 0.0428921568627451 0.07236227824463119
4 0.8184523809523809 0.40441176470588236 0.03326330532212885 0.04318394024276377
4 0.8433998599439776 0.41491596638655465 0.02888655462184874 0.050186741363211954
5 0.9643732492997199 0.46451914098972924 0.07125350140056022 0.11904761904761904
2 0.6744572829131653 0.39624183006535946 0.035889355742296916 0.05485527544351074
2 0.5987394957983193 0.3822362278244631 0.02976190476190476 0.050186741363211954
4 0.828546918767507 0.37592436974789917 0.029814425770308125 0.04090569561157797
6 0.9489040616246499 0.4111928104575163 0.03379726890756303 0.0632609710550887