4 0.9011656746031746 0.8199404761904762 0.19766865079365079 0.3601190476190476
4 0.8699156746031746 0.6398809523809523 0.11780753968253968 0.15873015873015872
4 0.9176587301587301 0.49107142857142855 0.05704365079365079 0.08267195767195767
4 0.794890873015873 0.4753637566137566 0.042162698412698416 0.06779100529100529
4 0.7781498015873016 0.5166997354497355 0.05084325396825397 0.06779100529100529
4 0.7483878968253969 0.5530753968253969 0.06820436507936507 0.08432539682539683
4 0.6901041666666666 0.7696759259259259 0.15749007936507936 0.38525132275132273
4 0.7341269841269841 0.4794973544973545 0.044642857142857144 0.07936507936507936
4 0.6987847222222222 0.4877645502645503 0.04836309523809524 0.0958994708994709
4 0.6491815476190477 0.5009920634920635 0.05828373015873016 0.07605820105820106
4 0.6101190476190477 0.5696097883597884 0.07192460317460317 0.14054232804232805
4 0.5319940476190477 0.6605489417989417 0.11408730158730158 0.23644179894179895
4 0.5065724206349206 0.5158730158730159 0.06076388888888889 0.09259259259259259
4 0.5648561507936508 0.49107142857142855 0.05084325396825397 0.08928571428571429
4 0.6125992063492064 0.4654431216931217 0.03968253968253968 0.06448412698412699
5 0.5406746031746031 0.42162698412698413 0.02976190476190476 0.05952380952380952
4 0.14508928571428573 0.6233465608465608 0.0992063492063492 0.2744708994708995
4 0.42658730158730157 0.6266534391534392 0.10664682539682539 0.2943121693121693
4 0.3131200396825397 0.6117724867724867 0.11532738095238096 0.25132275132275134
4 0.23933531746031747 0.5902777777777778 0.07936507936507936 0.23809523809523808
4 0.07130456349206349 0.6001984126984127 0.09052579365079365 0.19510582010582012
4 0.3695436507936508 0.4522156084656085 0.03968253968253968 0.08101851851851852
4 0.3838045634920635 0.4174933862433862 0.028521825396825396 0.044642857142857144
4 0.2976190476190476 0.45882936507936506 0.0496031746031746 0.06448412698412699
4 0.01922123015873016 0.5059523809523809 0.033482142857142856 0.1421957671957672
4 0.11036706349206349 0.45882936507936506 0.062003968253968256 0.08432539682539683
0 0.15687003968253968 0.4580026455026455 0.028521825396825396 0.05291005291005291
5 0.21515376984126985 0.4580026455026455 0.043402777777777776 0.07275132275132275
4 0.25793650793650796 0.42080026455026454 0.034722222222222224 0.05787037037037037
0 0.32180059523809523 0.42493386243386244 0.033482142857142856 0.06613756613756613
4 0.41418650793650796 0.43816137566137564 0.042162698412698416 0.06613756613756613