4 0.2448809523809524 0.7378670634920634 0.16593998015873018 0.2964351851851852
4 0.5159424603174604 0.741087962962963 0.12002480158730158 0.28354828042328045
4 0.6488566468253968 0.6159623015873016 0.10230158730158731 0.2115873015873016
8 0.8756125992063492 0.6046858465608466 0.08860863095238095 0.21051256613756614
8 0.7539781746031746 0.5139285714285714 0.07894097222222222 0.16003306878306878
4 0.6258978174603175 0.4661342592592592 0.0579985119047619 0.11599537037037036
4 0.6843005952380952 0.4833201058201058 0.06686011904761904 0.11384920634920634
4 0.4599578373015873 0.6003902116402117 0.09666418650793651 0.14607142857142857
4 0.4216964285714286 0.5305753968253968 0.057192460317460315 0.07518187830687831
4 0.5115128968253968 0.40061838624338625 0.024166666666666666 0.051554232804232804
4 0.5614558531746031 0.4274702380952381 0.04833085317460318 0.07088624338624339
4 0.47123511904761906 0.3871924603174603 0.03544394841269841 0.06336970899470899
4 0.44666666666666666 0.443042328042328 0.041081349206349205 0.06551587301587301
4 0.4978199404761905 0.4843948412698412 0.046721230158730157 0.09666335978835978
4 0.42894593253968255 0.40544973544973545 0.02980406746031746 0.05692460317460317
4 0.3963219246031746 0.3855820105820106 0.027388392857142858 0.04940476190476191
4 0.2396453373015873 0.4575429894179894 0.03785962301587302 0.07947751322751323
2 0.24327132936507936 0.4011541005291005 0.03383184523809524 0.04833333333333333
0 0.35524057539682535 0.3995436507936508 0.025776289682539685 0.04940476190476191
0 0.5594419642857144 0.5364847883597883 0.06041418650793651 0.12351521164021163
4 0.32221230158730163 0.41243386243386243 0.03544394841269841 0.06444113756613756