4 0.7967509920634921 0.6001984126984127 0.13268849206349206 0.2777777777777778
0 0.5009920634920635 0.732473544973545 0.1909722222222222 0.2843915343915344
0 0.3385416666666667 0.765542328042328 0.17113095238095238 0.3306878306878307
0 0.053943452380952384 0.6233465608465608 0.09796626984126984 0.1884920634920635
0 0.6591021825396826 0.5208333333333334 0.078125 0.12235449735449735
0 0.45324900793650796 0.5811838624338624 0.06076388888888889 0.09755291005291006
4 0.29203869047619047 0.6059854497354498 0.1029265873015873 0.18683862433862433
4 0.5524553571428571 0.5654761904761905 0.09300595238095238 0.10582010582010581
4 0.9281994047619048 0.4935515873015873 0.05828373015873016 0.08432539682539683
4 0.8612351190476191 0.5067791005291006 0.05828373015873016 0.0744047619047619
4 0.8618551587301587 0.45552248677248675 0.0496031746031746 0.0710978835978836
4 0.7142857142857143 0.4852843915343915 0.03968253968253968 0.08763227513227513
4 0.6801835317460317 0.4348544973544973 0.045882936507936505 0.056216931216931214
4 0.46688988095238093 0.501818783068783 0.043402777777777776 0.09755291005291006
4 0.5747767857142857 0.4828042328042328 0.03844246031746032 0.07605820105820106
4 0.5326140873015873 0.48115079365079366 0.043402777777777776 0.07605820105820106
4 0.5388144841269841 0.4398148148148148 0.026041666666666668 0.036375661375661374
4 0.49107142857142855 0.4489087301587302 0.04712301587301587 0.054563492063492064
4 0.4253472222222222 0.47784391534391535 0.042162698412698416 0.0992063492063492
4 0.21143353174603174 0.5993716931216931 0.08556547619047619 0.1669973544973545
4 0.14322916666666666 0.5026455026455027 0.06076388888888889 0.11574074074074074
4 0.10974702380952381 0.4836309523809524 0.04836309523809524 0.10085978835978836
4 0.39186507936507936 0.560515873015873 0.06448412698412699 0.1421957671957672
0 0.34970238095238093 0.5208333333333334 0.052083333333333336 0.11574074074074074
0 0.31436011904761907 0.49107142857142855 0.05828373015873016 0.08597883597883597
0 0.2709573412698413 0.490244708994709 0.05084325396825397 0.07771164021164022
0 0.234375 0.47371031746031744 0.052083333333333336 0.08763227513227513
0 0.35466269841269843 0.4646164021164021 0.02976190476190476 0.07605820105820106
4 0.38504464285714285 0.47619047619047616 0.04092261904761905 0.08928571428571429
5 0.7756696428571429 0.43898809523809523 0.04092261904761905 0.04133597883597884
4 0.39558531746031744 0.43816137566137564 0.03720238095238095 0.06944444444444445
5 0.027281746031746032 0.8250661375661376 0.054563492063492064 0.30092592592592593