4 0.9188550420168067 0.847922502334267 0.16228991596638656 0.2719421101774043
4 0.7138480392156863 0.7183706816059757 0.10416666666666667 0.2392623716153128
4 0.6092436974789915 0.6874416433239963 0.117296918767507 0.21241830065359477
4 0.48581932773109243 0.6868580765639589 0.09978991596638656 0.21358543417366946
4 0.33788515406162467 0.6816059757236228 0.08403361344537816 0.21942110177404295
4 0.36677170868347336 0.5952380952380952 0.0507703081232493 0.09103641456582633
4 0.6788340336134454 0.6022408963585434 0.044642857142857144 0.08169934640522876
4 0.8005077030812325 0.6827731092436975 0.0936624649859944 0.16806722689075632
4 0.21664915966386555 0.5969887955182073 0.06565126050420168 0.15056022408963585
4 0.8412114845938375 0.625 0.0700280112044818 0.1342203548085901
4 0.8867296918767507 0.5812324929971989 0.056022408963585436 0.10971055088702147
4 0.9248074229691877 0.5561391223155929 0.03939075630252101 0.08520074696545285
3 0.13130252100840337 0.713702147525677 0.1715686274509804 0.36764705882352944
5 0.06800595238095238 0.5661251167133521 0.05085609243697479 0.11669467787114847
0 0.24482142857142858 0.5318253968253969 0.029567577030812323 0.0544047619047619
0 0.4361239495798319 0.6098832866479925 0.05499649859943977 0.15217553688141922
0 0.4988077731092437 0.5680952380952381 0.043168767507002805 0.07332866479925303
0 0.7454026610644258 0.5791339869281046 0.0526313025210084 0.09698179271708685
0 0.2770500700280112 0.6418183940242764 0.04908263305322129 0.1608496732026144
4 0.2950857843137255 0.5456232492997198 0.05676995798319327 0.06465452847805789
0 0.5804149159663865 0.5282773109243697 0.03252450980392157 0.04257703081232493
0 0.36279586834733896 0.5294607843137255 0.02661064425770308 0.04336601307189542
0 0.34387254901960784 0.5401050420168068 0.0301593137254902 0.04573062558356676
5 0.4027135854341737 0.5456232492997198 0.03311624649859944 0.05204014939309057
4 0.5168452380952381 0.5251237161531279 0.02720238095238095 0.0551937441643324
6 0.4872759103641457 0.5085644257703081 0.028385854341736693 0.04573062558356676
4 0.5733193277310925 0.6000280112044818 0.053813025210084034 0.09619281045751633
5 0.5363585434173669 0.5365569561157797 0.03429796918767507 0.08752100840336134
2 0.9281320028011204 0.6745401493930906 0.08811274509803922 0.10328898225957049