8 0.36681547619047616 0.810462962962963 0.19047619047619047 0.3788624338624339
8 0.6774553571428571 0.57494708994709 0.1148313492063492 0.21537037037037035
8 0.45783730158730157 0.500896164021164 0.09970238095238096 0.212771164021164
8 0.5711805555555556 0.5004133597883598 0.08333333333333333 0.14235780423280422
8 0.8235367063492064 0.45981481481481484 0.10441468253968254 0.13060515873015874
8 0.1840277777777778 0.5548544973544974 0.1076388888888889 0.15203373015873015
2 0.1708829365079365 0.4282440476190476 0.09623015873015874 0.11707010582010581
4 0.28149801587301587 0.4165079365079365 0.0992063492063492 0.11674933862433863
4 0.21354166666666666 0.37370701058201056 0.08234126984126984 0.06751653439153439
4 0.3865327380952381 0.3844477513227513 0.0835813492063492 0.08569444444444443
0 0.43278769841269843 0.3127116402116402 0.08432539682539683 0.0811111111111111
0 0.4818948412698413 0.3236177248677249 0.061507936507936505 0.10953373015873016
4 0.5570436507936508 0.3586607142857143 0.06994047619047619 0.08703042328042328
4 0.6769593253968254 0.3431216931216931 0.05431547619047619 0.10224867724867724
4 0.7912946428571429 0.3441137566137566 0.0597718253968254 0.09761904761904762
4 0.730406746031746 0.38395171957671953 0.0744047619047619 0.08139550264550265
4 0.6882440476190477 0.43453373015873015 0.08928571428571429 0.07012566137566138
4 0.6098710317460317 0.3948578042328042 0.08134920634920635 0.10981812169312169
4 0.6331845238095238 0.3151951058201058 0.03869047619047619 0.049702380952380956
4 0.6686507936507936 0.2872619047619047 0.03521825396825397 0.036828703703703704
4 0.5560515873015873 0.28725859788359787 0.05803571428571429 0.06327380952380952
4 0.3306051587301587 0.48577050264550264 0.12797619047619047 0.09984457671957672
4 0.5054563492063492 0.39287698412698413 0.06597222222222222 0.07940806878306877