3 0.1599454365079365 0.42858465608465607 0.07203373015873016 0.15697420634920634
0 0.044536210317460315 0.49209656084656084 0.06428819444444443 0.14148478835978837
0 0.5747172619047619 0.4781547619047619 0.05421875 0.09914351851851852
0 0.413608630952381 0.47247685185185184 0.027884424603174605 0.06712632275132276
5 0.23507688492063494 0.43684523809523806 0.03485367063492063 0.047506613756613754
0 0.08016617063492064 0.5726521164021164 0.08597470238095238 0.20964616402116404
4 0.1645907738095238 0.6206712962962964 0.10456349206349207 0.3222123015873016
4 0.11230902777777778 0.43581349206349207 0.04182539682539682 0.053703703703703705
4 0.06970982142857143 0.42341931216931217 0.04182539682539682 0.03924272486772487
4 0.9159325396825396 0.8175661375661376 0.16813244047619047 0.36486772486772484
4 0.7168452380952381 0.7817162698412697 0.16187996031746033 0.3841765873015873
4 0.8210218253968254 0.4636342592592593 0.052668650793650795 0.07642195767195767
4 0.9329464285714285 0.46415013227513224 0.06273809523809525 0.05886574074074074
4 0.906609623015873 0.6164781746031746 0.10301587301587302 0.09707671957671958
4 0.9100967261904762 0.5488359788359789 0.06815972222222222 0.08365079365079366
4 0.7954637896825397 0.5008134920634921 0.05421875 0.0578339947089947
4 0.7176215277777778 0.4786111111111111 0.05189484126984127 0.11256944444444446
4 0.669985119047619 0.5111408730158731 0.06661210317460317 0.11153439153439153
4 0.6355183531746031 0.5839484126984127 0.09527033730158731 0.1765972222222222
4 0.5421850198412699 0.7027116402116402 0.11308531746031746 0.3170502645502645
4 0.5212723214285714 0.5008134920634921 0.05886656746031746 0.08468253968253968
4 0.6277728174603174 0.4667328042328043 0.03640376984126984 0.08055224867724868
4 0.5561259920634921 0.4150958994708995 0.030982142857142857 0.047506613756613754
4 0.4565972222222222 0.6257738095238095 0.09527033730158731 0.32427910052910053
4 0.33228174603174604 0.6051190476190477 0.11153521825396825 0.2499206349206349
4 0.25792410714285713 0.5596792328042328 0.0867485119047619 0.22306878306878306
4 0.3531944444444444 0.4760284391534392 0.046473214285714284 0.09294642857142857
4 0.3105952380952381 0.44556216931216935 0.04957093253968254 0.052668650793650795
4 0.38456349206349205 0.44246362433862435 0.04569940476190476 0.09604497354497354
4 0.345062003968254 0.40786706349206353 0.033306051587301586 0.04957010582010582
4 0.27697420634920633 0.407202380952381 0.02767113095238095 0.04561838624338624
0 0.4259027777777778 0.426656746031746 0.029685019841269842 0.04025132275132275