4 0.9410763888888889 0.83942791005291 0.11784474206349206 0.28260251322751323
4 0.9533630952380953 0.6635019841269841 0.06869543650793651 0.10946759259259259
4 0.923623511904762 0.608207671957672 0.059481646825396826 0.11281746031746033
4 0.9751438492063492 0.5579431216931217 0.0435639880952381 0.08600859788359788
4 0.8398487103174603 0.5478902116402116 0.047752976190476186 0.09717923280423281
4 0.7120907738095238 0.8377546296296295 0.1390674603174603 0.3082936507936508
6 0.7560714285714286 0.6540046296296297 0.06953373015873016 0.09941468253968254
0 0.7862301587301587 0.6048578042328042 0.07288442460317461 0.08824404761904762
4 0.6387872023809524 0.648422619047619 0.07958581349206349 0.14409391534391536
4 0.683187003968254 0.5847519841269841 0.06618303571428572 0.10834986772486772
4 0.7330332341269842 0.5523578042328042 0.03853670634920635 0.09494378306878307
4 0.7711507936507938 0.528343253968254 0.039375 0.07372354497354497
4 0.6471651785714285 0.5300198412698413 0.039375 0.06590277777777777
0 0.6065327380952381 0.5484490740740741 0.05696676587301587 0.105
4 0.545796130952381 0.7053869047619048 0.09131448412698413 0.2848346560846561
4 0.44778025793650794 0.6389252645502645 0.09299107142857142 0.23233796296296297
4 0.5210813492063492 0.5674371693121694 0.03686011904761905 0.09159391534391535
4 0.31918402777777777 0.6674107142857143 0.10555803571428572 0.22004960317460315
4 0.35353174603174603 0.5534755291005291 0.0435639880952381 0.09494378306878307
4 0.4063095238095238 0.5210813492063492 0.03518601190476191 0.09271164021164022
4 0.44442708333333336 0.49762566137566133 0.02429563492063492 0.054732142857142854
4 0.3803397817460317 0.4898048941798942 0.02345734126984127 0.0525
4 0.35981398809523807 0.48366402116402113 0.02429563492063492 0.05361772486772486
4 0.31499503968253967 0.5227579365079364 0.03183531746031747 0.06702050264550265
0 0.2613789682539683 0.5618518518518518 0.06031746031746031 0.11840277777777779
4 0.21404513888888888 0.569672619047619 0.06115575396825397 0.09829695767195767
4 0.17006448412698413 0.6651752645502645 0.0770734126984127 0.2624966931216931
4 0.09801835317460317 0.6344576719576719 0.07037202380952381 0.1831878306878307
4 0.06073660714285714 0.533369708994709 0.05445436507936508 0.11281746031746033
4 0.09005952380952381 0.4965079365079365 0.03099702380952381 0.06143518518518518
0 0.11854166666666666 0.5445403439153439 0.03602430555555555 0.0569675925925926
4 0.13990575396825397 0.5132638888888889 0.06031746031746031 0.06813822751322751
0 0.20608630952380955 0.512146164021164 0.03853670634920635 0.04356481481481482
0 0.21237103174603175 0.4780787037037037 0.019268353174603174 0.037979497354497356
4 0.2421106150793651 0.4892493386243386 0.028484623015873015 0.04691468253968254