4 0.8884803921568627 0.8006535947712419 0.16981792717086835 0.338468720821662
4 0.8455882352941176 0.6442577030812325 0.11029411764705882 0.12605042016806722
4 0.6849614845938375 0.7452147525676938 0.13217787114845939 0.3069561157796452
4 0.7339810924369747 0.5532212885154062 0.04639355742296919 0.07703081232492998
4 0.8727240896358543 0.561391223155929 0.061274509803921566 0.08636788048552754
4 0.9007352941176471 0.49369747899159666 0.04551820728291316 0.06535947712418301
4 0.7856267507002801 0.48144257703081234 0.03939075630252101 0.0688608776844071
4 0.7602415966386554 0.5158730158730159 0.03939075630252101 0.07936507936507936
4 0.5952380952380952 0.5695611577964519 0.07703081232492998 0.11437908496732026
4 0.5138305322128851 0.6302521008403361 0.11379551820728291 0.18207282913165265
4 0.42060574229691877 0.6214985994397759 0.09016106442577031 0.2742763772175537
4 0.4945728291316527 0.5117880485527544 0.0507703081232493 0.07352941176470588
4 0.5405287114845938 0.4931139122315593 0.048144257703081235 0.07586367880485527
4 0.6315651260504201 0.5065359477124183 0.06039915966386555 0.08636788048552754
4 0.6740196078431373 0.4907796451914099 0.04726890756302521 0.09453781512605042
4 0.7138480392156863 0.482609710550887 0.04989495798319328 0.11087768440709617
4 0.2971813725490196 0.5672268907563025 0.08841036414565827 0.16806722689075632
4 0.23196778711484595 0.532796451914099 0.0665266106442577 0.1342203548085901
4 0.15143557422969187 0.557889822595705 0.07878151260504201 0.16339869281045752
3 0.052083333333333336 0.6349206349206349 0.10416666666666667 0.469187675070028
4 0.5948004201680672 0.4796918767507003 0.035889355742296916 0.07936507936507936
4 0.37771358543417366 0.40908029878618113 0.0428921568627451 0.11087768440709617
0 0.35758053221288516 0.44642857142857145 0.03413865546218487 0.0641923436041083
4 0.26435574229691877 0.4662698412698413 0.04201680672268908 0.05718954248366013
4 0.19914215686274508 0.45518207282913165 0.0428921568627451 0.05368814192343604
4 0.33569677871148457 0.4335901027077498 0.02538515406162465 0.04668534080298786
4 0.30571603641456585 0.42250233426704015 0.030199579831932773 0.051353874883286646
4 0.28339460784313725 0.43154761904761907 0.027573529411764705 0.04843604108309991
4 0.2269345238095238 0.44496965452847803 0.03282563025210084 0.046101774042950516
4 0.14268207282913165 0.46218487394957986 0.031512605042016806 0.04318394024276377
4 0.08775385154061624 0.4537231559290383 0.04332983193277311 0.060107376283846874
4 0.18841911764705882 0.4227941176470588 0.02582282913165266 0.037931839402427635
4 0.3175332633053221 0.47823295985060693 0.038953081232493 0.05310457516339869
4 0.38449754901960786 0.49107142857142855 0.022321428571428572 0.058940242763772174