3 0.07477678571428571 0.6700066137566137 0.10987103174603174 0.4927943121693122
4 0.41976686507936506 0.6376488095238095 0.09052579365079365 0.2428935185185185
4 0.5089285714285714 0.7224338624338624 0.10267857142857142 0.3033366402116402
4 0.8996775793650794 0.8449074074074074 0.18229166666666666 0.3101851851851852
4 0.6829117063492064 0.8197751322751323 0.1654265873015873 0.36044973544973546
4 0.8303571428571429 0.7062070105820106 0.09077380952380952 0.1531547619047619
4 0.886780753968254 0.6070403439153439 0.07713293650793651 0.10032407407407408
4 0.9154265873015873 0.5417526455026455 0.09722222222222222 0.08548941798941799
4 0.7565724206349206 0.554484126984127 0.04985119047619048 0.06795965608465608
4 0.7817460317460317 0.5159689153439153 0.043154761904761904 0.07360449735449735
4 0.5915178571428571 0.5913392857142857 0.054563492063492064 0.09207010582010583
4 0.6252480158730159 0.5362996031746031 0.0625 0.07789021164021163
4 0.6798115079365079 0.5197685185185185 0.04265873015873016 0.08451058201058201
4 0.7056051587301587 0.4967956349206349 0.044642857142857144 0.07493716931216932
4 0.4877232142857143 0.5343154761904761 0.057787698412698416 0.07392195767195767
4 0.5404265873015873 0.5110119047619047 0.051587301587301584 0.07030092592592593
4 0.597718253968254 0.5108465608465609 0.042162698412698416 0.06005291005291005
4 0.6098710317460317 0.4884325396825397 0.027611607142857143 0.03726851851851852
4 0.5223214285714286 0.4681547619047619 0.036044146825396826 0.040810185185185185
0 0.40542410714285715 0.48292328042328037 0.03042410714285714 0.03947751322751323
0 0.36218501984126983 0.48930886243386246 0.041500496031746034 0.06547949735449735
4 0.26397073412698413 0.5077116402116402 0.05009920634920635 0.06040013227513228
4 0.21990823412698413 0.5634623015873016 0.07605902777777779 0.12339616402116402
4 0.13607886904761904 0.6108333333333333 0.07043650793650794 0.18727843915343917
4 0.16782490079365078 0.5309589947089947 0.04794890873015873 0.08264219576719577
5 0.20494295634920637 0.48534391534391536 0.034556051587301594 0.0575462962962963
4 0.28042410714285715 0.4770767195767196 0.03836061507936508 0.06526785714285714
4 0.3118377976190476 0.45779431216931216 0.03505208333333334 0.05976851851851852
4 0.3362276785714286 0.46892526455026456 0.03257192460317461 0.05336970899470899
4 0.37648809523809523 0.44457010582010587 0.0353844246031746 0.05977843915343916
4 0.2361111111111111 0.4532804232804233 0.03571428571428571 0.03530753968253968
4 0.14922371031746032 0.4488723544973545 0.04546875 0.035310846560846564
4 0.023008432539682537 0.4705787037037037 0.03278769841269841 0.04124669312169312
6 0.13877232142857143 0.4905224867724867 0.049933035714285715 0.05247685185185185
4 0.31651785714285713 0.5127777777777778 0.0648139880952381 0.08375661375661375
4 0.380672123015873 0.5252314814814815 0.05423363095238095 0.08000330687830688