4 0.9356398809523809 0.6332671957671958 0.12276785714285714 0.4365079365079365
4 0.6832837301587301 0.6555886243386243 0.09424603174603174 0.18022486772486773
4 0.8370535714285714 0.5291005291005291 0.06448412698412699 0.10912698412698413
4 0.8965773809523809 0.4646164021164021 0.02976190476190476 0.046296296296296294
4 0.9771825396825397 0.49189814814814814 0.032242063492063495 0.034722222222222224
4 0.7731894841269841 0.5365410052910053 0.053323412698412696 0.14715608465608465
4 0.5803571428571429 0.5729166666666666 0.0818452380952381 0.09755291005291006
4 0.47619047619047616 0.6051587301587301 0.05952380952380952 0.0958994708994709
4 0.31994047619047616 0.6059854497354498 0.06696428571428571 0.15376984126984128
4 0.40736607142857145 0.56630291005291 0.05828373015873016 0.1207010582010582
4 0.06138392857142857 0.8424272486772487 0.12276785714285714 0.29927248677248675
4 0.07750496031746032 0.6291335978835979 0.078125 0.1636904761904762
4 0.043402777777777776 0.5505952380952381 0.04712301587301587 0.08267195767195767
4 0.17423115079365079 0.5158730158730159 0.05580357142857143 0.12566137566137567
4 0.14074900793650794 0.49272486772486773 0.03844246031746032 0.0958994708994709
5 0.052703373015873016 0.4894179894179894 0.033482142857142856 0.046296296296296294
4 0.494171626984127 0.5109126984126984 0.043402777777777776 0.08597883597883597
4 0.45944940476190477 0.4885912698412698 0.045882936507936505 0.07771164021164022
1 0.22073412698412698 0.6010251322751323 0.15625 0.18022486772486773
0 0.3776041666666667 0.7721560846560847 0.17981150793650794 0.3406084656084656
0 0.533234126984127 0.7523148148148148 0.1736111111111111 0.31746031746031744
0 0.7006448412698413 0.5224867724867724 0.06696428571428571 0.0992063492063492
0 0.5536954365079365 0.49189814814814814 0.04092261904761905 0.08432539682539683
0 0.29637896825396826 0.4894179894179894 0.034722222222222224 0.05291005291005291
0 0.34226190476190477 0.4885912698412698 0.03720238095238095 0.0710978835978836
2 0.3689236111111111 0.5224867724867724 0.033482142857142856 0.07275132275132275
4 0.5055381944444445 0.4640641534391534 0.03885664682539682 0.050704365079365085
4 0.25876240079365076 0.4861111111111111 0.03802827380952381 0.06834325396825397
4 0.40633184523809524 0.48115079365079366 0.032242063492063495 0.0496031746031746
4 0.7440476190476191 0.49051917989417987 0.036376488095238094 0.07054563492063493
4 0.6882440476190477 0.45579695767195766 0.027281746031746032 0.0496031746031746
4 0.7068452380952381 0.4458763227513227 0.021495535714285714 0.045195105820105816
2 0.8060515873015873 0.453042328042328 0.023147321428571427 0.0352744708994709
2 0.3794642857142857 0.4712301587301587 0.03141617063492064 0.0496031746031746
4 0.6733630952380952 0.4640641534391534 0.022321428571428572 0.04850198412698412