4 0.8705357142857143 0.8175770308123249 0.1636904761904762 0.29528478057889823
4 0.8591561624649859 0.6343370681605975 0.08665966386554622 0.14122315592903828
4 0.8451505602240896 0.5660597572362278 0.06390056022408963 0.08169934640522876
4 0.8928571428571429 0.5421335200746965 0.06477591036414566 0.10620915032679738
4 0.6534488795518207 0.7726423902894491 0.16193977591036415 0.3034547152194211
4 0.7335434173669467 0.6080765639589168 0.07703081232492998 0.15406162464985995
4 0.7707457983193278 0.5357142857142857 0.05164565826330532 0.10737628384687208
4 0.586484593837535 0.6372549019607843 0.09803921568627451 0.14472455648926238
4 0.6197478991596639 0.5794817927170869 0.061274509803921566 0.1318860877684407
4 0.6683298319327731 0.5397992530345471 0.048144257703081235 0.11554621848739496
4 0.7007177871148459 0.5187908496732027 0.0428921568627451 0.09220354808590103
4 0.582983193277311 0.5187908496732027 0.0350140056022409 0.05952380952380952
4 0.38865546218487396 0.6308356676003735 0.11029411764705882 0.21125116713352007
0 0.4853816526610644 0.651844070961718 0.1094187675070028 0.20658263305322128
4 0.4722514005602241 0.5532212885154062 0.044642857142857144 0.08870214752567694
0 0.5422794117647058 0.5339635854341737 0.06214985994397759 0.08520074696545285
4 0.5120798319327731 0.4861111111111111 0.05952380952380952 0.07819794584500467
0 0.26785714285714285 0.6331699346405228 0.117296918767507 0.18090569561157796
0 0.22321428571428573 0.5742296918767507 0.09103641456582633 0.14939309056956115
5 0.34970238095238093 0.49253034547152197 0.04639355742296919 0.08169934640522876
4 0.3002450980392157 0.532796451914099 0.06827731092436974 0.103874883286648
4 0.10372899159663866 0.6419234360410832 0.10766806722689076 0.22408963585434175
4 0.15318627450980393 0.5660597572362278 0.07703081232492998 0.10270774976657329
4 0.044205182072829134 0.6279178338001867 0.08841036414565827 0.1704014939309057
4 0.048144257703081235 0.5351307189542484 0.0350140056022409 0.05485527544351074
4 0.017944677871148458 0.5129551820728291 0.03413865546218487 0.12488328664799253
4 0.07352941176470588 0.5088702147525677 0.07878151260504201 0.08403361344537816
4 0.19345238095238096 0.5001167133520075 0.03326330532212885 0.0688608776844071
4 0.3011204481792717 0.47210550887021474 0.04376750700280112 0.05485527544351074
4 0.23109243697478993 0.4651027077497666 0.02976190476190476 0.05485527544351074
4 0.2547268907563025 0.46568627450980393 0.028011204481792718 0.04435107376283847
0 0.15843837535014005 0.49194677871148457 0.040266106442577033 0.05718954248366013