3 0.15756302521008403 0.6179971988795518 0.09103641456582633 0.38865546218487396
3 0.8302696078431373 0.46860410830999066 0.0586484593837535 0.17390289449112978
6 0.38778011204481794 0.6530112044817927 0.10854341736694678 0.18790849673202614
4 0.5256477591036415 0.6355042016806722 0.10241596638655462 0.169234360410831
0 0.4376750700280112 0.5701447245564892 0.07528011204481792 0.1342203548085901
2 0.6622023809523809 0.573062558356676 0.1409313725490196 0.16806722689075632
6 0.5580357142857143 0.5386321195144724 0.06740196078431372 0.12254901960784313
4 0.5046393557422969 0.5497198879551821 0.06740196078431372 0.12605042016806722
4 0.4219187675070028 0.5141223155929038 0.05777310924369748 0.11321195144724557
5 0.3164390756302521 0.5964052287581699 0.08665966386554622 0.17273576097105509
5 0.24072128851540617 0.5683940242763772 0.08403361344537816 0.14939309056956115
5 0.3558298319327731 0.5257936507936508 0.06214985994397759 0.1015406162464986