4 0.6696428571428571 0.7350863678804855 0.13130252100840337 0.3399206349206349
4 0.8685224089635855 0.7509570494864612 0.16491596638655462 0.3249766573295985
4 0.8057598039215687 0.606188141923436 0.11116946778711484 0.15915266106442577
4 0.9181547619047619 0.532920168067227 0.09086134453781512 0.12466386554621847
4 0.13874299719887956 0.7040662931839402 0.14968487394957983 0.23586601307189545
4 0.27485994397759106 0.7432563025210084 0.18557422969187676 0.32358076563958915
6 0.13900560224089636 0.4984897292250234 0.10294117647058823 0.19352474323062557
4 0.20465686274509803 0.4541619981325864 0.06967787114845939 0.13288048552754436
6 0.265406162464986 0.42149626517273575 0.06162464985994398 0.10489729225023342
4 0.29796918767507 0.394547152194211 0.04971988795518207 0.08601307189542484
4 0.35154061624649857 0.4558029878618114 0.06582633053221289 0.08480859010270775
4 0.4010854341736695 0.4587231559290383 0.04936974789915966 0.06963818860877684
4 0.3944327731092437 0.40120214752567696 0.05707282913165266 0.059640522875817
4 0.6239495798319328 0.4853197945845005 0.0784313725490196 0.09482259570494865
4 0.4810924369747899 0.3914028944911298 0.04481792717086835 0.04937908496732026
6 0.7588410364145658 0.5021218487394958 0.08735994397759103 0.10041316526610644
6 0.7294292717086834 0.44611811391223155 0.049544817927170866 0.08178104575163399
5 0.7043067226890757 0.4238375350140056 0.04656862745098039 0.0628921568627451
4 0.5882352941176471 0.39944911297852476 0.04201680672268908 0.08180905695611579
6 0.6387429971988795 0.42395658263305325 0.03623949579831933 0.04212418300653595
4 0.6782212885154062 0.4101844070961718 0.03991596638655462 0.06593604108309992
6 0.45990896358543415 0.6354551820728291 0.11799719887955182 0.2667110177404295
0 0.46691176470588236 0.4958193277310925 0.0899859943977591 0.11115079365079365
0 0.4880952380952381 0.4524229691876751 0.07282913165266107 0.061708683473389356
6 0.28343837535014005 0.5307002801120448 0.10819327731092437 0.1458986928104575