3 0.06510416666666667 0.7060185185185185 0.13020833333333334 0.44642857142857145
4 0.8482142857142857 0.8506944444444444 0.17609126984126985 0.2959656084656085
4 0.7477678571428571 0.6712962962962963 0.0818452380952381 0.17526455026455026
4 0.9505208333333334 0.5902777777777778 0.05580357142857143 0.11243386243386243
4 0.6727430555555556 0.7093253968253969 0.08804563492063493 0.2347883597883598
4 0.5667162698412699 0.6803902116402116 0.10168650793650794 0.2166005291005291
4 0.43960813492063494 0.6994047619047619 0.10540674603174603 0.24801587301587302
4 0.5344742063492064 0.6059854497354498 0.05704365079365079 0.11078042328042328
4 0.30009920634920634 0.6729497354497355 0.08432539682539683 0.22156084656084657
0 0.2244543650793651 0.6192129629629629 0.07936507936507936 0.12400793650793651
4 0.09858630952380952 0.5464616402116402 0.08060515873015874 0.09424603174603174
4 0.17485119047619047 0.5869708994708994 0.062003968253968256 0.15542328042328044
4 0.3862847222222222 0.6051587301587301 0.05828373015873016 0.16534391534391535
5 0.45634920634920634 0.5547288359788359 0.054563492063492064 0.0744047619047619
4 0.7911706349206349 0.6266534391534392 0.06696428571428571 0.1421957671957672
4 0.7012648809523809 0.5795304232804233 0.06324404761904762 0.10747354497354497
4 0.832093253968254 0.5927579365079365 0.05704365079365079 0.12731481481481483
4 0.8668154761904762 0.5588624338624338 0.04712301587301587 0.08928571428571429
4 0.6318204365079365 0.6068121693121693 0.045882936507936505 0.11243386243386243
0 0.5381944444444444 0.5282738095238095 0.03720238095238095 0.044642857142857144
4 0.4966517857142857 0.5348875661375662 0.03844246031746032 0.09424603174603174
4 0.4513888888888889 0.5034722222222222 0.034722222222222224 0.06448412698412699
0 0.4774305555555556 0.5150462962962963 0.0248015873015873 0.06779100529100529
0 0.2994791666666667 0.5324074074074074 0.021081349206349208 0.046296296296296294
5 0.35900297619047616 0.544808201058201 0.04092261904761905 0.07771164021164022
4 0.2486359126984127 0.5365410052910053 0.05580357142857143 0.06779100529100529
4 0.19035218253968253 0.5142195767195767 0.03844246031746032 0.056216931216931214
5 0.7384672619047619 0.56630291005291 0.04836309523809524 0.06448412698412699
4 0.3335813492063492 0.5853174603174603 0.07688492063492064 0.0958994708994709