4 0.6734068627450981 0.8024042950513539 0.31565126050420167 0.39519140989729223
4 0.3794642857142857 0.7154598506069095 0.20745798319327732 0.38530812324929975
4 0.2650560224089636 0.6159570494864613 0.13795518207282914 0.24465919701213817
4 0.16692927170868346 0.6104761904761905 0.1255252100840336 0.22202614379084967
4 0.11668417366946779 0.5759453781512605 0.11957282913165267 0.19031279178338
4 0.3495273109243697 0.48436741363211955 0.08806022408963586 0.10286181139122316
4 0.4488795518207283 0.5024463118580765 0.0784313725490196 0.14135387488328663
4 0.5147058823529411 0.5447945845004669 0.08403361344537816 0.17236461251167132
4 0.603203781512605 0.538611111111111 0.08771008403361344 0.17166666666666666
4 0.7526260504201681 0.569873949579832 0.10119047619047619 0.21551820728291315
4 0.8300070028011205 0.5044467787114847 0.09838935574229692 0.18443043884220356
4 0.7389705882352942 0.4722525676937442 0.08438375350140057 0.12937908496732026
4 0.6123949579831933 0.47563958916900095 0.07282913165266107 0.10580765639589168
6 0.5500700280112045 0.4590709617180206 0.06722689075630252 0.10535247432306255