4 0.8153521825396826 0.6150793650793651 0.13764880952380953 0.2843915343915344
4 0.6994047619047619 0.5415013227513228 0.08680555555555555 0.15707671957671956
4 0.6051587301587301 0.5547288359788359 0.08680555555555555 0.1736111111111111
4 0.5096726190476191 0.5158730158730159 0.0818452380952381 0.1488095238095238
4 0.4296875 0.49851190476190477 0.06572420634920635 0.1173941798941799
4 0.38070436507936506 0.47453703703703703 0.04712301587301587 0.0992063492063492
4 0.3540426587301587 0.4522156084656085 0.03844246031746032 0.08763227513227513
4 0.31746031746031744 0.4712301587301587 0.054563492063492064 0.08267195767195767
4 0.1277281746031746 0.5042989417989417 0.06696428571428571 0.11243386243386243
4 0.16927083333333334 0.5133928571428571 0.04836309523809524 0.13392857142857142
4 0.20895337301587302 0.5621693121693122 0.07564484126984126 0.15873015873015872
4 0.37450396825396826 0.6555886243386243 0.12152777777777778 0.23313492063492064