3 0.19213935574229693 0.6209150326797386 0.156687675070028 0.36881419234360413
3 0.823266806722689 0.4580999066293184 0.06390056022408963 0.1669000933706816
2 0.2958683473389356 0.5841503267973857 0.16106442577030813 0.21825396825396826
4 0.30287114845938373 0.690359477124183 0.11904761904761904 0.32563025210084034
6 0.40397408963585435 0.7457983193277311 0.14968487394957983 0.41316526610644255
8 0.5322128851540616 0.7189542483660131 0.12955182072829133 0.3524743230625584
2 0.6604516806722689 0.6069094304388422 0.15318627450980393 0.2357609710550887
6 0.43154761904761907 0.5654761904761905 0.07352941176470588 0.12488328664799253
6 0.41973039215686275 0.4966153127917834 0.0744047619047619 0.0641923436041083
4 0.5549719887955182 0.5322128851540616 0.07528011204481792 0.11204481792717087
6 0.5002626050420168 0.5339635854341737 0.06915266106442577 0.09453781512605042