8 0.8642931547619047 0.7000727513227513 0.11841765873015872 0.25619708994708995
8 0.7380555555555556 0.6196395502645502 0.07894345238095238 0.17874338624338623
0 0.6293229166666666 0.7164583333333334 0.10575644841269842 0.21151124338624339
4 0.20108630952380951 0.830654761904762 0.17129464285714285 0.267119708994709
4 0.49377480158730164 0.8515079365079365 0.12660962301587303 0.2591765873015873
4 0.41259672619047616 0.7467460317460317 0.10575644841269842 0.21449074074074073
4 0.5343650793650794 0.6072288359788359 0.04691964285714286 0.10823743386243387
4 0.48372023809523806 0.5809126984126984 0.035002480158730157 0.07348214285714286
4 0.4591443452380952 0.5506249999999999 0.030535714285714288 0.04468584656084656
4 0.44126984126984126 0.5258002645502645 0.02457589285714286 0.04468584656084656
4 0.40999007936507936 0.5074305555555556 0.030535714285714288 0.05560846560846561
4 0.370890376984127 0.481114417989418 0.019362599206349206 0.03872685185185185
4 0.2919469246031746 0.49799603174603174 0.03574900793650793 0.048657407407407406
4 0.3183854166666667 0.49104497354497356 0.02308779761904762 0.024824735449735447
4 0.34817460317460314 0.5272883597883598 0.029045138888888888 0.03971891534391534
4 0.35711309523809526 0.6007738095238095 0.04543154761904762 0.12511904761904763
4 0.3291840277777778 0.5680026455026456 0.03425843253968254 0.06156746031746032
4 0.22231150793650795 0.5645271164021164 0.04245039682539682 0.07646164021164022
4 0.44126984126984126 0.47763888888888895 0.03351438492063492 0.057595899470899464
4 0.477390873015873 0.5034589947089947 0.0327703373015873 0.04766534391534391
4 0.5325024801587303 0.5228207671957672 0.040218253968253966 0.05461640211640212
4 0.5716021825396825 0.5367228835978836 0.032023809523809524 0.05461640211640212
4 0.6133085317460317 0.5580720899470899 0.04096230158730159 0.0635515873015873
4 0.6702827380952381 0.5640310846560846 0.04915426587301587 0.09731481481481481
5 0.3880208333333333 0.6231150793650794 0.0431969246031746 0.09235119047619048