3 0.053943452380952384 0.6555886243386243 0.10788690476190477 0.3125
4 0.8986855158730159 0.8505291005291006 0.20262896825396826 0.29894179894179895
6 0.9052579365079365 0.6646825396825397 0.09672619047619048 0.08928571428571429
4 0.6975446428571429 0.7184193121693122 0.11532738095238096 0.26951058201058203
4 0.5809771825396826 0.6671626984126984 0.09796626984126984 0.18683862433862433
4 0.47185019841269843 0.6795634920634921 0.0954861111111111 0.21825396825396826
4 0.4166666666666667 0.6059854497354498 0.062003968253968256 0.15376984126984128
0 0.24367559523809523 0.6183862433862434 0.06820436507936507 0.12896825396825398
4 0.31125992063492064 0.6712962962962963 0.08928571428571429 0.22486772486772486
4 0.12524801587301587 0.5472883597883598 0.07192460317460317 0.0958994708994709
4 0.19469246031746032 0.5696097883597884 0.05704365079365079 0.1173941798941799
6 0.3267609126984127 0.5307539682539683 0.04092261904761905 0.06944444444444445
4 0.26599702380952384 0.5324074074074074 0.04836309523809524 0.06283068783068783
4 0.7738095238095238 0.6597222222222222 0.0818452380952381 0.15211640211640212
4 0.8134920634920635 0.6068121693121693 0.08680555555555555 0.10251322751322751
4 0.5518353174603174 0.6001984126984127 0.05952380952380952 0.10912698412698413
4 0.9737103174603174 0.5927579365079365 0.05257936507936508 0.1173941798941799
4 0.8643353174603174 0.5811838624338624 0.05952380952380952 0.10747354497354497
5 0.48053075396825395 0.5572089947089947 0.05828373015873016 0.08267195767195767
5 0.3819444444444444 0.5381944444444444 0.03968253968253968 0.06448412698412699
4 0.728546626984127 0.5753968253968254 0.05084325396825397 0.09259259259259259
4 0.6578621031746031 0.5968915343915344 0.04836309523809524 0.09259259259259259
4 0.5202132936507936 0.5266203703703703 0.033482142857142856 0.07771164021164022
4 0.4693700396825397 0.49933862433862436 0.028521825396825396 0.04298941798941799
4 0.49603174603174605 0.5109126984126984 0.032242063492063495 0.06613756613756613
4 0.3317212301587302 0.49189814814814814 0.03844246031746032 0.04794973544973545
4 0.4402281746031746 0.5324074074074074 0.042162698412698416 0.06944444444444445