8 0.819327731092437 0.8408029878618114 0.23284313725490197 0.3183940242763772
4 0.8797268907563025 0.6838468720821662 0.16631652661064425 0.24743230625583568
4 0.10460434173669468 0.6488328664799253 0.14443277310924368 0.22642390289449113
4 0.21752450980392157 0.7497899159663866 0.15143557422969187 0.3536414565826331
4 0.2608543417366947 0.5484593837535013 0.06827731092436974 0.14705882352941177
4 0.43504901960784315 0.5957282913165266 0.08403361344537816 0.15056022408963585
4 0.49851190476190477 0.7241129785247432 0.11817226890756302 0.31395891690009337
4 0.5772934173669467 0.6704248366013071 0.10241596638655462 0.2415966386554622
4 0.9147408963585434 0.6009803921568627 0.05952380952380952 0.14705882352941177
5 0.9676995798319328 0.5782212885154061 0.06390056022408963 0.14589169000933708
0 0.3479516806722689 0.6698412698412698 0.11642156862745098 0.28711484593837533
4 0.6136204481792717 0.5904761904761905 0.0700280112044818 0.1353874883286648
4 0.665266106442577 0.5449579831932773 0.06302521008403361 0.1400560224089636
5 0.7602415966386554 0.4655929038281979 0.06740196078431372 0.1283846872082166
4 0.8880427170868347 0.5087768440709617 0.077906162464986 0.0676937441643324
4 0.8757878151260504 0.4749299719887955 0.06039915966386555 0.06069094304388422
4 0.7948179271708683 0.46500933706816056 0.04726890756302521 0.09220354808590103
4 0.6924019607843137 0.43641456582633054 0.02100840336134454 0.04201680672268908
4 0.6713935574229691 0.430578898225957 0.026260504201680673 0.056022408963585436
4 0.6543242296918768 0.4475023342670401 0.03238795518207283 0.05718954248366013
4 0.625 0.4708450046685341 0.049019607843137254 0.09220354808590103
4 0.5891106442577031 0.5017740429505135 0.06302521008403361 0.08403361344537816
4 0.5409663865546218 0.5035247432306256 0.0507703081232493 0.08986928104575163
4 0.48713235294117646 0.5484593837535013 0.077906162464986 0.08169934640522876
5 0.3742121848739496 0.49360410830999063 0.09716386554621849 0.09337068160597572
4 0.46743697478991597 0.4813492063492063 0.0507703081232493 0.09453781512605042
4 0.5133928571428571 0.4632586367880485 0.04114145658263305 0.0676937441643324
4 0.5589110644257703 0.4369981325863679 0.03939075630252101 0.07119514472455649
4 0.5873599439775911 0.4340802987861811 0.03326330532212885 0.06069094304388422