3 0.8891369047619048 0.5930621693121694 0.1636904761904762 0.3190575396825397
0 0.2312748015873016 0.7672718253968254 0.16989087301587302 0.3566369047619048
4 0.06436011904761904 0.8201653439153439 0.12872023809523808 0.35660383597883594
4 0.13826884920634921 0.6129232804232805 0.09796626984126984 0.14714285714285713
4 0.05431547619047619 0.5950694444444444 0.09126984126984126 0.1643452380952381
4 0.140625 0.5091269841269841 0.06547619047619048 0.09828042328042327
4 0.08407738095238096 0.48086640211640214 0.051587301587301584 0.07813492063492064
6 0.026165674603174604 0.5048313492063492 0.05233134920634921 0.08307539682539683
4 0.43832589285714285 0.5497189153439153 0.09953621031746031 0.1973214285714286
4 0.36078125 0.6272949735449735 0.10648065476190476 0.19374669312169313
4 0.2546304563492064 0.5556845238095238 0.0992063492063492 0.10783730158730159
5 0.2547941468253968 0.475135582010582 0.06316220238095238 0.08563161375661375
0 0.20403521825396825 0.4802050264550265 0.057539682539682536 0.08254298941798942
4 0.16121031746031747 0.4674206349206349 0.054563492063492064 0.08343253968253969
4 0.36433531746031744 0.5119378306878306 0.09540426587301588 0.09310185185185185
4 0.34424603174603174 0.4724933862433862 0.05357142857142857 0.05389550264550264
4 0.3336631944444444 0.4310648148148148 0.01917906746031746 0.04158068783068783
4 0.3978174603174603 0.45409391534391536 0.03505208333333334 0.05016203703703704
4 0.484952876984127 0.4978240740740741 0.0472891865079365 0.144239417989418
4 0.5158730158730159 0.4756746031746032 0.033067956349206354 0.15505291005291005
4 0.5770510912698413 0.44064484126984127 0.02976190476190476 0.07176587301587302
4 0.630374503968254 0.4577215608465609 0.062003968253968256 0.10812169312169312
4 0.5439806547619047 0.4624570105820106 0.02976190476190476 0.11979828042328042
4 0.029513888888888888 0.4614715608465608 0.037532242063492066 0.06712632275132276
4 0.4518030753968254 0.42378637566137567 0.028936011904761905 0.06670965608465608