8 0.34515056022408963 0.8134920634920635 0.27188375350140054 0.373015873015873
8 0.4635854341736695 0.5167110177404295 0.10784313725490197 0.1786111111111111
4 0.7076330532212886 0.5713095238095237 0.13375350140056022 0.2131139122315593
4 0.8368347338935574 0.4533613445378151 0.10504201680672269 0.13361344537815126
8 0.5698529411764706 0.506328197945845 0.10679271708683473 0.1695168067226891
0 0.23047969187675071 0.5500816993464053 0.16509103641456582 0.16598972922502334
0 0.16193977591036415 0.4514939309056956 0.10329131652661064 0.1392156862745098
4 0.2422093837535014 0.3775303454715219 0.08000700280112044 0.0799906629318394
4 0.28764005602240894 0.414281045751634 0.11659663865546219 0.09046918767507002
4 0.3858543417366947 0.3825490196078431 0.0784313725490196 0.06435340802987861
4 0.4176295518207283 0.4438048552754435 0.08070728291316527 0.07248132586367881
4 0.5109418767507002 0.40331699346405225 0.0817577030812325 0.07320728291316526
4 0.47198879551820727 0.3704131652661064 0.08263305322128851 0.07742763772175537
4 0.4275210084033613 0.33265873015873015 0.07072829131652661 0.06027544351073764
4 0.5182072829131653 0.3354014939309057 0.04201680672268908 0.06412464985994397
4 0.5711659663865546 0.36853408029878615 0.05514705882352941 0.07437208216619981
4 0.6190476190476191 0.40925070028011207 0.06862745098039216 0.10678104575163398
4 0.7682072829131653 0.3944327731092437 0.05182072829131653 0.10282446311858076
4 0.8161764705882353 0.36829598506069094 0.05672268907563025 0.11590802987861812
6 0.6964285714285714 0.36992763772175535 0.055322128851540614 0.11450746965452849
4 0.5739670868347339 0.3192997198879552 0.060749299719887954 0.05526844070961718
4 0.3400735294117647 0.47715686274509805 0.11817226890756302 0.10720588235294118
4 0.7408088235294118 0.32921568627450976 0.03378851540616246 0.06342903828197946
4 0.6446078431372549 0.33925303454715217 0.042717086834733894 0.05082166199813259