8 0.8460259103641457 0.6255835667600373 0.10591736694677871 0.21241830065359477
8 0.49719887955182074 0.7160364145658263 0.12605042016806722 0.2299253034547152
8 0.7300420168067226 0.5497198879551821 0.08928571428571429 0.1377217553688142
4 0.21183473389355742 0.7568860877684407 0.15056022408963585 0.22292250233426705
4 0.41973039215686275 0.6360877684407096 0.09891456582633053 0.16339869281045752
4 0.62281162464986 0.6302521008403361 0.09191176470588236 0.2030812324929972
0 0.5435924369747899 0.5608076563958917 0.07878151260504201 0.1388888888888889
4 0.39171918767507 0.5526377217553688 0.0744047619047619 0.09453781512605042
4 0.3483893557422969 0.5164565826330533 0.05952380952380952 0.11788048552754435
4 0.22934173669467786 0.5899859943977591 0.04726890756302521 0.10620915032679738
4 0.23021708683473388 0.48552754435107376 0.0507703081232493 0.08636788048552754
4 0.4066001400560224 0.4102474323062558 0.02888655462184874 0.04318394024276377
4 0.44336484593837533 0.402077497665733 0.030637254901960783 0.0665266106442577
5 0.49063375350140054 0.42366946778711484 0.04114145658263305 0.07236227824463119
5 0.32956932773109243 0.41199813258636786 0.02888655462184874 0.04201680672268908
5 0.3702731092436975 0.40557889822595705 0.028011204481792718 0.06185807656395892
4 0.663077731092437 0.5047852474323062 0.056897759103641456 0.11087768440709617
4 0.6053046218487395 0.482609710550887 0.06214985994397759 0.09687208216619982
4 0.5431547619047619 0.4429271708683473 0.05164565826330532 0.0688608776844071
2 0.4319852941176471 0.4429271708683473 0.03413865546218487 0.05718954248366013
4 0.47137605042016806 0.4966153127917834 0.06915266106442577 0.10620915032679738
4 0.3002450980392157 0.41725023342670403 0.03326330532212885 0.052521008403361345
6 0.22584033613445378 0.4096638655462185 0.03851540616246499 0.05368814192343604