8 0.8543477182539683 0.6069146825396825 0.11077132936507936 0.20711640211640214
8 0.7384821428571429 0.5182109788359788 0.07002976190476191 0.15194113756613759
4 0.6353497023809523 0.6013955026455026 0.09294642857142857 0.19098544973544973
4 0.2225 0.7350892857142857 0.16615823412698413 0.2767195767195767
4 0.49943204365079363 0.7359358465608465 0.11904761904761904 0.2733234126984127
0 0.5710515873015873 0.5360383597883598 0.06493551587301587 0.13326719576719576
4 0.43322172619047616 0.6069146825396825 0.1050421626984127 0.1867427248677249
4 0.3969345238095238 0.5347652116402116 0.060478670634920635 0.10355820105820107
4 0.293484623015873 0.395978835978836 0.029285714285714286 0.05517526455026455
4 0.31735615079365076 0.4180489417989418 0.028648313492063492 0.056871693121693115
4 0.3768799603174603 0.38749007936507934 0.03055803571428571 0.060267857142857144
4 0.425265376984127 0.4358763227513227 0.042016369047619045 0.07384920634920634
4 0.4730109126984127 0.4791666666666667 0.04583581349206349 0.09252314814814816
4 0.5156646825396825 0.5122685185185185 0.05984375 0.1281746031746032
4 0.6751388888888888 0.4685548941798942 0.04774553571428571 0.09506944444444444
4 0.6111582341269841 0.45455026455026454 0.042016369047619045 0.08912698412698412
4 0.5389012896825397 0.42356812169312164 0.04774553571428571 0.06621031746031746
4 0.49402033730158734 0.40361772486772485 0.04329117063492064 0.060267857142857144
4 0.45200396825396827 0.3717890211640211 0.02673859126984127 0.04583664021164022
4 0.4080753968253968 0.40828703703703706 0.03055803571428571 0.07469576719576719
4 0.21836309523809525 0.4430886243386244 0.03947172619047619 0.0509292328042328
4 0.21008680555555556 0.47831679894179896 0.015277777777777777 0.060267857142857144
4 0.2253645833333333 0.3908862433862434 0.03437748015873016 0.04838293650793651