4 0.7996323529411765 0.574813258636788 0.11642156862745098 0.21125116713352007
4 0.36677170868347336 0.6705182072829131 0.16106442577030813 0.2672735760971055
4 0.6945903361344538 0.5409663865546218 0.09541316526610644 0.1762371615312792
4 0.6018032212885154 0.5380485527544351 0.10766806722689076 0.17740429505135388
4 0.5059523809523809 0.5018674136321195 0.06477591036414566 0.13071895424836602
4 0.4254201680672269 0.48436041083099907 0.056022408963585436 0.09803921568627451
4 0.38121498599439774 0.4598506069094304 0.044642857142857144 0.0700280112044818
4 0.3483893557422969 0.44876283846872084 0.04551820728291316 0.09220354808590103
4 0.31425070028011204 0.455765639589169 0.049019607843137254 0.0641923436041083
4 0.27879901960784315 0.5929038281979458 0.09541316526610644 0.12605042016806722
4 0.20133053221288516 0.561391223155929 0.0822829131652661 0.16339869281045752
4 0.12386204481792717 0.4931139122315593 0.053396358543417365 0.12021475256769375
4 0.16719187675070027 0.5082866479925303 0.06477591036414566 0.12021475256769375