5 0.5128676470588235 0.7742203548085902 0.13112745098039216 0.28046451914098974
5 0.36869747899159666 0.8102684407096172 0.17717086834733894 0.3035434173669468
0 0.3086484593837535 0.6765802987861811 0.09558823529411764 0.1528828197945845
6 0.3855917366946779 0.5809103641456582 0.06214985994397759 0.12027310924369748
4 0.65625 0.6838095238095239 0.09926470588235294 0.18134687208216618
4 0.555672268907563 0.5979458450046685 0.08893557422969188 0.12166199813258638
4 0.4733018207282913 0.5646918767507002 0.07300420168067227 0.1228501400560224
4 0.44721638655462187 0.6264169000933707 0.08035714285714286 0.10390989729225023
4 0.22829131652661064 0.6266409897292251 0.08543417366946779 0.16504668534080297
4 0.14933473389355742 0.5603758169934641 0.05707282913165266 0.11655228758169935
6 0.14767156862745098 0.517453314659197 0.10801820728291317 0.030704948646125114
4 0.2338935574229692 0.5110317460317461 0.047619047619047616 0.062210550887021474
6 0.27188375350140054 0.515 0.050070028011204484 0.05614145658263305
5 0.311624649859944 0.5296942110177404 0.056022408963585436 0.090203081232493
5 0.3793767507002801 0.5067156862745098 0.04096638655462185 0.055912698412698414
0 0.42892156862745096 0.5211764705882352 0.05952380952380952 0.09417366946778712
4 0.4849439775910364 0.4987768440709618 0.04551820728291316 0.07738795518207282
0 0.5318627450980392 0.5251423902894491 0.055322128851540614 0.09743930905695612
6 0.5738795518207283 0.5235107376283846 0.062324929971988796 0.09883986928104575
6 0.663953081232493 0.5572268907563025 0.07265406162464987 0.10792016806722689
0 0.7707457983193278 0.5993323996265173 0.1251750700280112 0.208468720821662
6 0.7167366946778712 0.510562558356676 0.0469187675070028 0.07061157796451914
4 0.8599439775910365 0.5877847805788983 0.0742296918767507 0.18303921568627451
4 0.9394257703081232 0.5274789915966386 0.04411764705882353 0.0834360410830999
4 0.8935574229691877 0.5412441643323996 0.06442577030812324 0.10629551820728292
4 0.046218487394957986 0.6768113912231559 0.08543417366946779 0.16735060690943043
4 0.01680672268907563 0.5804481792717087 0.03361344537815126 0.10067226890756302
4 0.6480217086834734 0.4955135387488329 0.016281512605042018 0.061521942110177405
6 0.6739320728291317 0.4754458450046685 0.04009103641456583 0.05873249299719888
6 0.8553921568627451 0.48080999066293184 0.03711484593837535 0.07413165266106442
0 0.7580532212885154 0.471827731092437 0.08053221288515407 0.05850140056022409