4 0.21122767857142857 0.6481481481481481 0.1496354166666667 0.2491170634920635
4 0.35796875 0.7120800264550264 0.15707589285714288 0.2998247354497354
4 0.5034722222222222 0.6106712962962964 0.10086061507936508 0.21825396825396826
4 0.7159399801587302 0.6905853174603175 0.13062251984126982 0.2590376984126984
4 0.9365079365079365 0.7214517195767196 0.12698412698412698 0.32297288359788356
4 0.9737103174603174 0.5368154761904762 0.05257936507936508 0.13227513227513227
4 0.8721899801587302 0.5632705026455026 0.07771081349206349 0.11904761904761904
4 0.8258928571428571 0.4894179894179894 0.06117807539682539 0.11243386243386243
4 0.7899305555555556 0.43540674603174606 0.043816964285714285 0.09700066137566137
4 0.7366071428571429 0.39958002645502644 0.033067956349206354 0.060625000000000005
4 0.6903100198412698 0.4624107142857143 0.06282986111111112 0.08046626984126984
4 0.5270337301587301 0.4646164021164021 0.060349702380952386 0.05842261904761904
4 0.3410218253968254 0.5054001322751323 0.0702703373015873 0.10912698412698413
4 0.2583506944444445 0.4166666666666667 0.040508432539682546 0.07054563492063493
4 0.4489087301587302 0.3819444444444444 0.03141617063492064 0.04298941798941799
4 0.4456026785714286 0.44477513227513227 0.0496031746031746 0.08046626984126984
4 0.5477008928571429 0.38304563492063487 0.032242063492063495 0.05401124338624339
4 0.7006448412698413 0.4117063492063492 0.033896329365079365 0.05401124338624339
4 0.6547619047619048 0.37863756613756616 0.02976190476190476 0.04739748677248678
0 0.7671949404761904 0.4095006613756614 0.028107638888888887 0.07385251322751323
0 0.08845982142857144 0.566577380952381 0.10582093253968254 0.2932109788359788
0 0.21949404761904762 0.46902447089947086 0.06696428571428571 0.13117394179894182
0 0.3236607142857143 0.4089517195767196 0.03554811507936508 0.08597883597883597
4 0.35507688492063494 0.38249669312169315 0.033896329365079365 0.06613756613756613
4 0.6816294642857142 0.548941798941799 0.08515128968253968 0.09479828042328042