8 0.8363970588235294 0.840219421101774 0.12692577030812324 0.3195611577964519
4 0.7282913165266106 0.757469654528478 0.7851890756302521 0.6839402427637722 0.8718487394957983 0.6932773109243697 0.895483193277311 0.7726423902894491 0.9296218487394958 0.8555088702147525 0.8569677871148459 0.8940242763772176 0.8035714285714286 0.9161998132586368 0.7738095238095238 0.9570494864612512 0.7694327731092437 0.9897292250233427 0.6985294117647058 0.9920634920634921 0.6853991596638656 0.9220354808590103 0.738795518207283 0.9021942110177404 0.6836484593837535 0.8169934640522876
2 0.9655112044817927 0.6150793650793651 0.897233893557423 0.6185807656395892 0.8849789915966386 0.5590569561157797 0.9059873949579832 0.5065359477124183 0.9506302521008403 0.511204481792717 0.9900210084033614 0.5228758169934641 0.9952731092436975 0.6022408963585434
4 0.8661589635854342 0.6413398692810458 0.09191176470588236 0.1715686274509804
4 0.8771008403361344 0.5322128851540616 0.05427170868347339 0.0700280112044818
5 0.4989495798319328 0.7043650793650794 0.11029411764705882 0.2415966386554622
5 0.3799019607843137 0.4820261437908497 0.0857843137254902 0.09337068160597572
4 0.5667892156862745 0.6530112044817927 0.10241596638655462 0.1762371615312792
4 0.625 0.5905695611577965 0.0700280112044818 0.14239028944911297
4 0.6722689075630253 0.5397992530345471 0.06477591036414566 0.14589169000933708
0 0.7978816526610645 0.45751633986928103 0.03413865546218487 0.08169934640522876
5 0.7633053221288515 0.4785247432306256 0.056022408963585436 0.10737628384687208
4 0.21971288515406162 0.7031979458450047 0.12254901960784313 0.25093370681605975
4 0.0976015406162465 0.6471755368814193 0.11116946778711484 0.2042483660130719
4 0.25910364145658266 0.5602240896358543 0.07177871148459383 0.15172735760971054
8 0.34663865546218486 0.6156629318394025 0.07352941176470588 0.21358543417366946
8 0.43548669467787116 0.5812324929971989 0.09016106442577031 0.16106442577030813
4 0.49150910364145656 0.5444677871148459 0.07265406162464987 0.1015406162464986
4 0.5475315126050421 0.5170401493930906 0.06390056022408963 0.1330532212885154
4 0.5908613445378151 0.49719887955182074 0.05952380952380952 0.09337068160597572
4 0.46612394957983194 0.47794117647058826 0.06214985994397759 0.09220354808590103
4 0.6223739495798319 0.480859010270775 0.04551820728291316 0.09570494864612512
4 0.508140756302521 0.46451914098972924 0.044642857142857144 0.07469654528478058
4 0.5580357142857143 0.4388422035480859 0.03939075630252101 0.07469654528478058
6 0.5877976190476191 0.4283380018674136 0.03238795518207283 0.049019607843137254
4 0.6543242296918768 0.44759570494864614 0.0428921568627451 0.07119514472455649
4 0.6989670868347339 0.4411764705882353 0.03939075630252101 0.08403361344537816
4 0.8937324929971989 0.4400093370681606 0.040266106442577033 0.049019607843137254
4 0.8705357142857143 0.4756069094304388 0.04639355742296919 0.05718954248366013
4 0.7309173669467787 0.494281045751634 0.04726890756302521 0.08286647992530345