4 0.9150545634920635 0.8063425925925927 0.14360119047619047 0.3025
4 0.8559027777777778 0.6709920634920634 0.10714285714285714 0.14753968253968255
4 0.6966765873015873 0.7613690476190477 0.1259920634920635 0.384510582010582
4 0.7496279761904762 0.5809126984126984 0.045882936507936505 0.11619047619047619
4 0.7762896825396826 0.5323214285714286 0.052083333333333336 0.09175925925925926
4 0.8965773809523809 0.5685218253968254 0.06944444444444445 0.0748776455026455
4 0.9293154761904762 0.5038921957671958 0.06547619047619048 0.08781084656084656
4 0.8080357142857143 0.4893452380952381 0.046130952380952384 0.09839616402116402
4 0.7021329365079365 0.4995899470899471 0.037698412698412696 0.11227513227513226
4 0.7387152777777778 0.4893452380952381 0.04389880952380952 0.09839616402116402
4 0.654265873015873 0.5417361111111111 0.046130952380952384 0.1337367724867725
4 0.6178075396825397 0.5747982804232804 0.0873015873015873 0.12049272486772487
4 0.5295138888888888 0.6656977513227513 0.12896825396825398 0.18985780423280424
4 0.4392361111111111 0.6198974867724868 0.07738095238095238 0.27352513227513225
4 0.501984126984127 0.5121560846560846 0.059027777777777776 0.09772156084656085
4 0.6001984126984127 0.4719940476190476 0.03720238095238095 0.05377976190476191
4 0.6377728174603174 0.4515013227513227 0.02554563492063492 0.03924603174603175
4 0.5612599206349206 0.4916600529100529 0.04365079365079365 0.09641203703703705
6 0.5458829365079365 0.4214153439153439 0.03273809523809524 0.0518287037037037
4 0.37103174603174605 0.46461309523809524 0.047619047619047616 0.09324735449735451
4 0.29026041666666663 0.47552579365079367 0.053075396825396824 0.06436838624338624
4 0.31547619047619047 0.5916501322751323 0.10846478174603175 0.19520833333333332
4 0.3425917658730159 0.4982242063492064 0.06349206349206349 0.07889880952380952
4 0.3978993055555555 0.49855489417989424 0.05340525793650794 0.07294973544973544
4 0.39649553571428575 0.42230489417989414 0.032408234126984126 0.05272156084656085
4 0.3482142857142857 0.4261640211640212 0.021825396825396824 0.027374338624338624
6 0.3194444444444444 0.42627314814814815 0.03042410714285714 0.04302248677248677
4 0.24818204365079363 0.4443452380952381 0.03009176587301587 0.04389219576719577
4 0.15269593253968253 0.6209556878306878 0.10863095238095238 0.24058862433862432
4 0.24016121031746032 0.5511078042328043 0.0818452380952381 0.14057539682539683
4 0.19072420634920634 0.5018584656084656 0.05241319444444445 0.08396825396825397
4 0.08068700396825397 0.5828439153439153 0.0886235119047619 0.1335019841269841
4 0.05489335317460318 0.44974206349206347 0.04365079365079365 0.06129960317460317
4 0.02976190476190476 0.4827943121693122 0.046297123015873014 0.09213293650793651
4 0.07870287698412698 0.49800925925925926 0.046297123015873014 0.04760582010582011
4 0.2843923611111111 0.42330026455026454 0.021163194444444443 0.03486772486772487
4 0.2108953373015873 0.42340939153439155 0.02132936507936508 0.03288690476190476
4 0.17592509920634922 0.4408167989417989 0.042328869047619046 0.04565806878306878
4 0.16104414682539683 0.4605423280423281 0.032408234126984126 0.043220899470899465
4 0.11441716269841269 0.45888558201058205 0.05820188492063492 0.06416005291005292
4 0.2625669642857143 0.4214219576719577 0.03042410714285714 0.050958994708994704
3 0.028769841269841268 0.5760879629629629 0.057539682539682536 0.3602876984126984