4 0.2025560224089636 0.5564285714285714 0.17051820728291317 0.2790546218487395
4 0.31950280112044815 0.5313422035480859 0.13130252100840337 0.2732376283846872
4 0.40406162464985995 0.44967553688141926 0.0938375350140056 0.24061858076563958
4 0.46262254901960786 0.417124183006536 0.07615546218487394 0.22920401493930906
4 0.5199579831932774 0.4020845004668534 0.0665266106442577 0.1547735760971055
4 0.8593312324929971 0.6223436041083099 0.2813375350140056 0.31518207282913163
4 0.8701855742296919 0.3823646125116713 0.11397058823529412 0.16435340802987863
4 0.8297443977591037 0.347952847805789 0.07160364145658263 0.11187208216619982
4 0.9051995798319328 0.4822362278244631 0.1559873949579832 0.17735994397759103
4 0.2697829131652661 0.39730158730158727 0.08088235294117647 0.14754435107376285
6 0.1561624649859944 0.34772875816993465 0.06022408963585434 0.05073295985060691
4 0.16062675070028012 0.39719654528478054 0.10591736694677871 0.07496965452847806
4 0.09042366946778711 0.4696381886087769 0.1090686274509804 0.17083333333333334
4 0.08464635854341737 0.37315592903828193 0.08000700280112044 0.09692110177404295