4 0.9094667658730158 0.7757705026455026 0.1546800595238095 0.2873611111111111
4 0.8693625992063492 0.6236507936507937 0.07304315476190476 0.08784391534391534
4 0.8797470238095237 0.5587235449735449 0.05514136904761905 0.06492724867724868
4 0.8940699404761905 0.4818584656084656 0.05514136904761905 0.07542989417989418
4 0.7841468253968253 0.46992394179894176 0.04296626984126985 0.04010251322751322
4 0.7669593253968254 0.5062070105820106 0.03580605158730159 0.055380291005291
4 0.7447594246031746 0.5510846560846561 0.05299355158730158 0.06874669312169311
4 0.6806671626984127 0.7205654761904762 0.10383680555555556 0.26257605820105817
4 0.5084424603174603 0.6289021164021164 0.07304315476190476 0.14035714285714285
4 0.5950917658730158 0.5673148148148148 0.06874751984126984 0.11266865079365079
4 0.6377008928571428 0.510026455026455 0.040818452380952386 0.0840244708994709
4 0.6896180555555556 0.4828141534391534 0.03867063492063492 0.07161044973544974
4 0.7196949404761904 0.47087962962962965 0.03007688492063492 0.05728835978835979
4 0.6018948412698413 0.4646726190476191 0.03652281746031746 0.056335978835978844
4 0.49734126984126986 0.5109821428571428 0.040818452380952386 0.08020502645502645
4 0.43253224206349206 0.6126686507936508 0.10168898809523809 0.2683035714285714
4 0.39493799603174606 0.4937962962962963 0.03652281746031746 0.06874669312169311
4 0.2979042658730159 0.5892757936507936 0.088797123015873 0.19669312169312167
4 0.32833829365079364 0.4794708994708995 0.030793650793650793 0.05728835978835979
5 0.551765873015873 0.48710978835978835 0.0451140873015873 0.07065806878306878
4 0.22906994047619048 0.547962962962963 0.07014880952380952 0.14900462962962963
4 0.052490079365079365 0.5615079365079365 0.06724454365079365 0.1412632275132275
4 0.089015376984127 0.45507605820105823 0.0503125 0.04321759259259259
4 0.023948412698412698 0.44346560846560845 0.029511408730158728 0.04192791005291006
5 0.5314335317460317 0.43121031746031746 0.028544146825396827 0.045796957671957676
5 0.21213789682539683 0.45088293650793654 0.031445932539682545 0.038703703703703705
5 0.2822867063492064 0.4641071428571429 0.03338045634920635 0.06385912698412699
0 0.07038938492063491 0.49120039682539685 0.028544146825396827 0.045796957671957676
4 0.36428819444444444 0.46055886243386246 0.02902777777777778 0.09030753968253967
4 0.3161507936507937 0.42346891534391534 0.023705357142857143 0.03934854497354497
4 0.27841517857142856 0.42024470899470895 0.017899305555555557 0.03418650793650793
4 0.25156746031746036 0.4225033068783069 0.026123511904761903 0.038703703703703705
4 0.17924107142857143 0.5079695767195767 0.04208829365079365 0.08579034391534392
0 0.10207837301587301 0.43121031746031746 0.030962301587301587 0.040638227513227515
0 0.15118055555555554 0.4692691798941799 0.026607142857142857 0.04966931216931217
0 0.2989781746031746 0.4286309523809524 0.024188988095238097 0.03934854497354497
4 0.349047619047619 0.4347585978835979 0.020803571428571428 0.03741402116402116
4 0.23850446428571428 0.45507605820105823 0.036768353174603176 0.04966931216931217
4 0.15698660714285714 0.43378968253968253 0.031445932539682545 0.02644510582010582
4 0.19230406746031747 0.4289517195767196 0.020803571428571428 0.02967261904761905