4 0.2357390873015873 0.8584656084656085 0.17881944444444445 0.2830687830687831
4 0.5302579365079365 0.8589649470899472 0.1453373015873016 0.2609160052910053
4 0.6693948412698413 0.7321924603174603 0.11706349206349206 0.21570767195767193
8 0.890625 0.737308201058201 0.12698412698412698 0.25570436507936506
8 0.7626488095238095 0.6336871693121693 0.07936507936507936 0.16419642857142855
4 0.5455109126984127 0.626087962962963 0.07911706349206349 0.1291600529100529
4 0.42237103174603174 0.7409589947089946 0.09325396825396826 0.16379960317460318
4 0.40749007936507936 0.6312169312169312 0.06349206349206349 0.10303902116402115
4 0.37958829365079366 0.593369708994709 0.03993055555555555 0.07033730158730159
4 0.35119047619047616 0.5882473544973544 0.04513888888888889 0.05678571428571429
0 0.36830357142857145 0.5464318783068783 0.054563492063492064 0.05316798941798942
4 0.6961805555555556 0.5730952380952381 0.06547619047619048 0.08931547619047618
4 0.6383928571428571 0.5735945767195767 0.0441468253968254 0.08039021164021164
4 0.5964781746031746 0.5380588624338624 0.054563492063492064 0.058921957671957674
4 0.5562996031746031 0.5263260582010582 0.05357142857142857 0.04537698412698413
0 0.5054563492063492 0.5134292328042328 0.046130952380952384 0.07910383597883598
4 0.46391369047619047 0.49359457671957674 0.03993055555555555 0.06589285714285714
4 0.4253472222222222 0.5178935185185185 0.0496031746031746 0.06488756613756613
4 0.4055059523809524 0.4990575396825397 0.02976190476190476 0.02060185185185185
4 0.39521329365079366 0.4861640211640212 0.026537698412698412 0.027880291005291005
4 0.3226686507936508 0.5053339947089948 0.03273809523809524 0.05299272486772487
4 0.25756448412698413 0.5940906084656085 0.05381944444444445 0.08169973544973545
4 0.47333829365079366 0.564672619047619 0.048859126984126984 0.05593253968253968
4 0.6041666666666666 0.6580588624338625 0.10466269841269842 0.08066798941798942