3 0.20439425770308123 0.6465919701213819 0.1724439775910364 0.42250233426704015
3 0.8320203081232493 0.45926704014939307 0.06390056022408963 0.1715686274509804
6 0.41973039215686275 0.5147058823529411 0.044642857142857144 0.10037348272642391
5 0.5602240896358543 0.5444677871148459 0.07878151260504201 0.1342203548085901
5 0.44511554621848737 0.5771475256769374 0.06915266106442577 0.14822595704948646
8 0.5313375350140056 0.7177871148459384 0.1400560224089636 0.35714285714285715
2 0.6617647058823529 0.623249299719888 0.13830532212885155 0.25210084033613445
1 0.2547268907563025 0.6226657329598506 0.10854341736694678 0.2742763772175537
5 0.35320378151260506 0.5409663865546218 0.06915266106442577 0.11321195144724557
6 0.506827731092437 0.5462184873949579 0.06302521008403361 0.11204481792717087
8 0.3939075630252101 0.7481325863678805 0.15756302521008403 0.3968253968253968
6 0.30987394957983194 0.6909430438842203 0.13130252100840337 0.32446311858076565