8 0.8009453781512605 0.8279645191409897 0.16981792717086835 0.34407096171802054
2 0.9620098039215687 0.5759803921568627 0.049019607843137254 0.0992063492063492
4 0.2183998599439776 0.7160364145658263 0.1409313725490196 0.2766106442577031
4 0.09935224089635854 0.6553454715219421 0.10241596638655462 0.21591970121381887
4 0.3448879551820728 0.623249299719888 0.09103641456582633 0.22175536881419233
4 0.25603991596638653 0.5573062558356676 0.06740196078431372 0.1318860877684407
5 0.49150910364145656 0.7084500466853408 0.13042717086834735 0.2707749766573296
4 0.36151960784313725 0.4796918767507003 0.04376750700280112 0.08870214752567694
8 0.43023459383753504 0.5812324929971989 0.06214985994397759 0.14472455648926238
8 0.5681022408963585 0.6495098039215687 0.10329131652661064 0.17857142857142858
4 0.8740371148459384 0.6664332399626517 0.1094187675070028 0.22875816993464052
4 0.6280637254901961 0.5812324929971989 0.07265406162464987 0.14472455648926238
5 0.6766456582633054 0.5304621848739496 0.052521008403361345 0.10620915032679738
6 0.7900035014005602 0.4522642390289449 0.03238795518207283 0.08053221288515407
4 0.46174719887955185 0.48027544351073764 0.05514705882352941 0.09453781512605042
4 0.5400910364145658 0.5047852474323062 0.05777310924369748 0.11087768440709617
4 0.48713235294117646 0.5392156862745098 0.07265406162464987 0.08403361344537816
4 0.5948004201680672 0.4931139122315593 0.06390056022408963 0.10854341736694678
4 0.5129551820728291 0.4598506069094304 0.02976190476190476 0.05835667600373483
4 0.7020308123249299 0.5187908496732027 0.03851540616246499 0.08986928104575163
4 0.7379201680672269 0.5042016806722689 0.049019607843137254 0.10737628384687208
4 0.7676820728291317 0.4639355742296919 0.03326330532212885 0.08753501400560224
4 0.6525735294117647 0.44876283846872084 0.035889355742296916 0.08053221288515407
4 0.5562850140056023 0.4341736694677871 0.03939075630252101 0.06302521008403361
4 0.5877976190476191 0.4312558356676004 0.027135854341736695 0.05718954248366013
4 0.8845413165266106 0.536297852474323 0.044642857142857144 0.08053221288515407
4 0.8749124649859944 0.47794117647058826 0.053396358543417365 0.0641923436041083
4 0.8906687675070029 0.4376750700280112 0.04114145658263305 0.051353874883286646