4 0.40353641456582634 0.7434640522875817 0.12780112044817926 0.3291316526610644
8 0.7466736694677871 0.7994864612511672 0.19957983193277312 0.29411764705882354
4 0.6731442577030813 0.6133286647992531 0.12780112044817926 0.1972455648926237
5 0.38471638655462187 0.5561391223155929 0.08665966386554622 0.1318860877684407
5 0.077906162464986 0.7627217553688141 0.155812324929972 0.3419701213818861
4 0.16062675070028012 0.5415499533146592 0.10591736694677871 0.1984126984126984
5 0.08359593837535013 0.5894024276377218 0.09541316526610644 0.10037348272642391
5 0.390843837535014 0.46101774042950516 0.048144257703081235 0.06535947712418301
4 0.42804621848739494 0.511204481792717 0.0665266106442577 0.11904761904761904
8 0.5978641456582633 0.5158730158730159 0.07177871148459383 0.20541549953314658
1 0.5405287114845938 0.4738562091503268 0.0744047619047619 0.16806722689075632