4 0.2408234126984127 0.7318584656084656 0.16666666666666666 0.28448743386243386
8 0.5090525793650794 0.7239351851851852 0.14012896825396826 0.22895502645502647
8 0.8640873015873016 0.6255886243386243 0.1185515873015873 0.21414021164021163
8 0.7403273809523809 0.5447718253968254 0.09424603174603174 0.13517857142857143
4 0.6490575396825397 0.6267493386243386 0.12003968253968254 0.1933101851851852
6 0.5711805555555556 0.5451058201058201 0.10317460317460317 0.11600529100529101
4 0.4908234126984127 0.4920535714285714 0.07142857142857142 0.0793452380952381
4 0.4000496031746032 0.5515542328042329 0.06845238095238096 0.10575396825396825
4 0.4417162698412698 0.6485714285714286 0.09226190476190477 0.17081679894179894
4 0.3648313492063492 0.5330390211640212 0.07539682539682539 0.12163359788359789
4 0.3523065476190476 0.4690839947089947 0.044890873015873016 0.04332671957671958
0 0.34486607142857145 0.41023809523809524 0.03993055555555555 0.04468584656084656
5 0.3922371031746032 0.4021362433862434 0.03050595238095238 0.05824404761904762
4 0.2535962301587302 0.48890873015873015 0.05580357142857143 0.09620701058201059
4 0.6242559523809523 0.4576653439153439 0.060515873015873016 0.11639219576719578
4 0.681671626984127 0.48659391534391533 0.058779761904761904 0.11141534391534393
2 0.5093005952380952 0.41982142857142857 0.046378968253968256 0.07046296296296296
4 0.4625496031746032 0.39750992063492063 0.044642857142857144 0.06221230158730159
4 0.42311507936507936 0.4180026455026455 0.05009920634920635 0.07674603174603176
4 0.5615079365079365 0.4426322751322751 0.059027777777777776 0.06978835978835979