8 0.8699156746031746 0.6167328042328042 0.12524801587301587 0.24801587301587302
4 0.5102926587301587 0.7101521164021164 0.12276785714285714 0.23974867724867724
4 0.2238343253968254 0.7175925925925926 0.16245039682539683 0.2943121693121693
4 0.6417410714285714 0.6208664021164021 0.11780753968253968 0.22321428571428573
4 0.7390873015873016 0.5034722222222222 0.06448412698412699 0.12400793650793651
4 0.6795634920634921 0.484457671957672 0.06448412698412699 0.0958994708994709
4 0.5629960317460317 0.5398478835978836 0.07688492063492064 0.1306216931216931
4 0.4321676587301587 0.609292328042328 0.11036706349206349 0.15376984126984128
4 0.4048859126984127 0.5340608465608465 0.05580357142857143 0.08597883597883597
4 0.22941468253968253 0.46296296296296297 0.03968253968253968 0.07605820105820106
6 0.2449156746031746 0.43154761904761907 0.035962301587301584 0.0496031746031746
0 0.3410218253968254 0.3976521164021164 0.034722222222222224 0.034722222222222224
4 0.6134250992063491 0.46130952380952384 0.04794890873015873 0.09369378306878307
4 0.482390873015873 0.4965839947089947 0.05869791666666666 0.11133267195767196
2 0.43320188492063494 0.4348544973544973 0.05125744047619047 0.05401124338624339
4 0.5435689484126984 0.4304464285714286 0.05869791666666666 0.06283068783068783
4 0.4567633928571429 0.3869047619047619 0.040508432539682546 0.055115740740740736
4 0.382358630952381 0.39351851851851855 0.03554811507936508 0.06172949735449735
4 0.3100198412698413 0.41005291005291006 0.04133680555555555 0.041888227513227516
4 0.3621031746031746 0.5136673280423281 0.06779017857142856 0.07054563492063493
4 0.4989260912698413 0.41335978835978837 0.03885664682539682 0.07275132275132275
4 0.4170808531746032 0.402337962962963 0.043816964285714285 0.0573181216931217
4 0.34970238095238093 0.4750892857142857 0.05125744047619047 0.055115740740740736