5 0.3599950396825397 0.8095866402116403 0.1545138888888889 0.3618981481481482
5 0.5307539682539683 0.7679431216931217 0.17609126984126985 0.2918419312169312
4 0.3081597222222222 0.647635582010582 0.10540674603174603 0.14381613756613756
5 0.21726190476190477 0.6274669312169312 0.13442460317460317 0.1630026455026455
5 0.06336805555555555 0.857308201058201 0.1267361111111111 0.2853835978835979
4 0.07068452380952381 0.6451521164021164 0.08432539682539683 0.17522156084656085
4 0.034350198412698416 0.5755753968253968 0.06374007936507936 0.09228835978835978
4 0.17261904761904762 0.5296230158730159 0.06498015873015874 0.0995899470899471
4 0.03373015873015873 0.5086342592592592 0.05505952380952381 0.080760582010582
4 0.14508928571428573 0.4998743386243386 0.054563492063492064 0.07977513227513228
4 0.5656001984126984 0.5795436507936508 0.0845734126984127 0.08699735449735449
4 0.6793154761904762 0.6866302910052909 0.1111111111111111 0.22180886243386244
4 0.7729414682539683 0.5752281746031747 0.0726686507936508 0.19080357142857143
4 0.6749751984126984 0.5525958994708995 0.060267857142857144 0.1091633597883598
4 0.6024305555555556 0.5230125661375661 0.0763888888888889 0.0863723544973545
4 0.4880952380952381 0.5639980158730159 0.06101190476190476 0.14188492063492064
4 0.3940972222222222 0.5825099206349207 0.06646825396825397 0.13922619047619048
4 0.46750992063492064 0.6117724867724867 0.0744047619047619 0.10185185185185185
4 0.35540674603174605 0.5431812169312169 0.04861111111111111 0.08040674603174604
4 0.8287450396825397 0.5638260582010582 0.08010912698412699 0.17130621693121692
6 0.8869047619047619 0.4715013227513227 0.04100446428571429 0.054117063492063494
5 0.7839781746031746 0.46169973544973547 0.05505952380952381 0.03671296296296296
0 0.4406423611111111 0.5043353174603175 0.05786954365079365 0.08010251322751323
0 0.5020659722222222 0.4711706349206349 0.04348462301587302 0.06006613756613756
5 0.5438169642857144 0.4962929894179894 0.05257936507936508 0.07503968253968253
6 0.39492311507936506 0.4918882275132275 0.03422619047619048 0.06622685185185186
6 0.3709499007936508 0.4860482804232804 0.029265873015873016 0.056752645502645506
5 0.3259747023809524 0.5075330687830688 0.05175347222222222 0.0754728835978836
0 0.28885664682539686 0.5079728835978836 0.03869047619047619 0.07635251322751323
4 0.25454613095238093 0.492989417989418 0.047785218253968254 0.05520502645502645
6 0.043236607142857146 0.5032374338624338 0.05505952380952381 0.05585978835978835
4 0.7023809523809523 0.46566137566137566 0.02909970238095238 0.053458994708994706
4 0.6688169642857144 0.4805390211640212 0.018187003968253967 0.05895833333333333
4 0.9265054563492063 0.5238392857142857 0.03588045634920635 0.09044973544973545
4 0.9642857142857143 0.5074206349206349 0.05026537698412698 0.09508597883597884
3 0.9464285714285714 0.7613525132275132 0.10714285714285714 0.47729166666666667