3 0.876984126984127 0.5855059523809524 0.21378968253968253 0.35024140211640215
0 0.1943204365079365 0.7883101851851851 0.17038690476190477 0.4020171957671958
4 0.06932043650793651 0.8275462962962963 0.13864087301587302 0.3449074074074074
4 0.12512400793650794 0.6339583333333333 0.09647817460317461 0.19252314814814817
4 0.050347222222222224 0.6061904761904762 0.09325396825396826 0.18989748677248677
4 0.2326388888888889 0.5453802910052911 0.09573412698412699 0.0947255291005291
4 0.34697420634920634 0.6298214285714285 0.1111111111111111 0.22723544973544973
4 0.3394097222222222 0.5147982804232805 0.058779761904761904 0.10300925925925926
4 0.42137896825396826 0.5544510582010582 0.07142857142857142 0.20877314814814815
4 0.4646577380952381 0.4931415343915344 0.046378968253968256 0.13575066137566139
4 0.5031001984126984 0.4708300264550264 0.038938492063492064 0.11427579365079364
4 0.5637400793650794 0.4394312169312169 0.04861111111111111 0.07132275132275133
4 0.6163194444444444 0.46421626984126985 0.06448412698412699 0.1142824074074074
4 0.11822172619047619 0.5050165343915344 0.06117807539682539 0.08145833333333334
4 0.06803819444444444 0.48540013227513223 0.04513888888888889 0.08191137566137566
5 0.24247767857142857 0.48441137566137565 0.0666344246031746 0.07331679894179895
0 0.19105406746031747 0.48672288359788357 0.05968998015873016 0.0845568783068783
4 0.14417906746031747 0.4725099206349206 0.05026537698412698 0.07596891534391534
4 0.31820436507936506 0.43383597883597885 0.019675099206349207 0.04051256613756614
4 0.022842261904761903 0.45807539682539683 0.03576388888888889 0.05372023809523809
4 0.4176587301587302 0.4420469576719577 0.026785714285714284 0.043707010582010576
4 0.3805381944444444 0.4532837301587302 0.04679315476190476 0.06177248677248678
4 0.3318452380952381 0.46562830687830686 0.06349206349206349 0.051183862433862436
0 0.20866319444444445 0.443478835978836 0.02546378968253968 0.04436838624338624