4 0.11160714285714286 0.7300420168067226 0.22146358543417366 0.4353408029878618
4 0.38778011204481794 0.7475490196078431 0.23984593837535015 0.5007002801120448
4 0.7024684873949579 0.7550186741363212 0.391281512605042 0.4899626517273576
4 0.7900035014005602 0.4458450046685341 0.06740196078431372 0.14239028944911297
4 0.7357317927170869 0.48552754435107376 0.10591736694677871 0.1704014939309057
7 0.6556372549019608 0.42366946778711484 0.1015406162464986 0.1704014939309057
4 0.5689775910364145 0.37640056022408963 0.052521008403361345 0.05952380952380952
4 0.5501575630252101 0.49369747899159666 0.13392857142857142 0.28244631185807656
5 0.4267331932773109 0.5065359477124183 0.1094187675070028 0.19607843137254902
6 0.4179796918767507 0.4049953314659197 0.07090336134453781 0.05835667600373483
4 0.33044467787114845 0.40908029878618113 0.0744047619047619 0.11788048552754435
4 0.2849264705882353 0.5047852474323062 0.14968487394957983 0.21591970121381887
4 0.0857843137254902 0.46743697478991597 0.12254901960784313 0.18090569561157796
3 0.11160714285714286 0.376984126984127 0.06039915966386555 0.16339869281045752
3 0.09103641456582633 0.325046685340803 0.03851540616246499 0.0992063492063492