8 0.861845238095238 0.6048776455026456 0.11672619047619047 0.21483465608465607
8 0.7404637896825397 0.5084424603174603 0.06301835317460318 0.13653769841269842
4 0.23202132936507935 0.7208895502645501 0.15324900793650792 0.2539814814814815
4 0.4926860119047619 0.7189781746031746 0.12173859126984128 0.2310648148148148
4 0.636267361111111 0.6101289682539682 0.09237847222222223 0.2043320105820106
4 0.43360863095238095 0.6196792328042329 0.1195907738095238 0.16613756613756614
4 0.41212301587301586 0.5308796296296296 0.053707837301587305 0.07447751322751323
4 0.3673660714285714 0.5189451058201058 0.04583085317460317 0.06397156084656085
4 0.35125496031746034 0.48218253968253966 0.046547619047619046 0.05728835978835979
4 0.3394394841269841 0.4311011904761905 0.03007688492063492 0.03532738095238095
4 0.3469568452380953 0.39959325396825396 0.029360119047619048 0.04105820105820106
4 0.3115104166666667 0.40770833333333334 0.02005208333333333 0.04010251322751322
4 0.22414434523809523 0.4607010582010582 0.025781250000000002 0.06397156084656085
4 0.38455357142857144 0.38335978835978834 0.02291666666666667 0.03723875661375661
4 0.41821180555555554 0.40484457671957674 0.027212301587301587 0.04774140211640212
4 0.45258432539682536 0.38240410052910057 0.02291666666666667 0.0448776455026455
4 0.49591021825396825 0.4124834656084656 0.03795386904761905 0.06110780423280423
4 0.543172123015873 0.4311011904761905 0.04225198412698413 0.06779100529100529
4 0.6133531746031746 0.4583134920634921 0.043683035714285716 0.0916633597883598
4 0.484094742063492 0.48648148148148146 0.04439980158730159 0.0735218253968254
2 0.4346825396825397 0.43969576719576725 0.03437251984126984 0.0601521164021164
4 0.6774454365079365 0.47979828042328043 0.05585813492063492 0.1021660052910053
5 0.5553472222222222 0.542337962962963 0.06803075396825398 0.12221560846560846