4 0.8969915674603175 0.8112863756613756 0.1488095238095238 0.31966600529100525
4 0.9077380952380952 0.625 0.09755208333333333 0.15211640211640212
4 0.8754960317460317 0.5291005291005291 0.056217757936507934 0.06834325396825397
4 0.9288194444444444 0.5054001322751323 0.053737599206349206 0.09810515873015874
4 0.8027455357142858 0.5120138888888889 0.0496031746031746 0.10692129629629629
5 0.7490079365079365 0.560515873015873 0.06117807539682539 0.1135350529100529
4 0.6754290674603174 0.7341269841269841 0.1273139880952381 0.31746031746031744
4 0.7254464285714286 0.4822519841269841 0.033896329365079365 0.07165013227513227
4 0.6944444444444444 0.5042989417989417 0.052909226190476194 0.10692129629629629
4 0.6436011904761905 0.5268948412698412 0.060349702380952386 0.0815707671957672
6 0.6088789682539683 0.5831117724867725 0.07192460317460317 0.14991071428571429
0 0.5175272817460318 0.6393287037037036 0.0876314484126984 0.23148148148148148
4 0.4137723214285714 0.6057109788359789 0.09011160714285714 0.20833333333333334
6 0.2992733134920635 0.6095667989417989 0.11243303571428571 0.16754960317460318
0 0.2418154761904762 0.5544543650793651 0.05704365079365079 0.1455026455026455
4 0.1421949404761905 0.603505291005291 0.07936507936507936 0.1995138888888889
4 0.056217757936507934 0.5748445767195767 0.08101934523809524 0.10692129629629629
5 0.560515873015873 0.5092592592592593 0.04133680555555555 0.09700066137566137
4 0.6072247023809524 0.4828042328042328 0.03885664682539682 0.04850198412698412
4 0.4976860119047619 0.5180787037037037 0.04133680555555555 0.06393187830687831
4 0.326140873015873 0.5081580687830688 0.05538938492063492 0.08377314814814815
4 0.2864583333333333 0.48500992063492065 0.03554811507936508 0.06393187830687831
4 0.18022569444444445 0.5180787037037037 0.05952380952380952 0.08818452380952381
4 0.08267113095238095 0.5076058201058201 0.042988591269841274 0.0496031746031746
4 0.04546875 0.47178240740740746 0.042988591269841274 0.06613756613756613
4 0.019015376984126985 0.5131183862433862 0.036376488095238094 0.11133267195767196
4 0.09796626984126984 0.47729166666666667 0.050429067460317466 0.055115740740740736
4 0.2211483134920635 0.4750892857142857 0.03058779761904762 0.04850198412698412
4 0.3703695436507936 0.4728835978835979 0.028107638888888887 0.08818452380952381
4 0.5307539682539683 0.4541435185185185 0.02976190476190476 0.05952380952380952
4 0.38277033730158727 0.4298941798941799 0.021495535714285714 0.03747685185185185
4 0.32242063492063494 0.4425694444444444 0.033067956349206354 0.045195105820105816
4 0.2538020833333333 0.4387136243386244 0.0248015873015873 0.03747685185185185