4 0.8919817927170869 0.853641456582633 0.12605042016806722 0.2927170868347339
4 0.6696428571428571 0.8396591970121382 0.14705882352941177 0.3206816059757236
4 0.895483193277311 0.6524743230625583 0.06302521008403361 0.12371615312791784
4 0.7125350140056023 0.6548085901027078 0.07528011204481792 0.10971055088702147
4 0.9287464985994398 0.5585200746965452 0.056022408963585436 0.07586367880485527
4 0.8731617647058824 0.5865312791783379 0.035889355742296916 0.0641923436041083
0 0.743172268907563 0.6186274509803921 0.056022408963585436 0.10971055088702147
4 0.5151435574229691 0.6728991596638655 0.08140756302521009 0.21358543417366946
4 0.5956757703081232 0.6600606909430439 0.08841036414565827 0.15756302521008403
4 0.6442577030812325 0.601704014939309 0.07177871148459383 0.11554621848739496
0 0.6950280112044818 0.5602707749766573 0.05427170868347339 0.10737628384687208
4 0.7978816526610645 0.5661064425770308 0.05164565826330532 0.09570494864612512
4 0.7243522408963585 0.5299253034547152 0.027135854341736695 0.05835667600373483
4 0.27836134453781514 0.6460550887021475 0.08928571428571429 0.169234360410831
4 0.4105392156862745 0.6320494864612511 0.09103641456582633 0.1972455648926237
4 0.49282212885154064 0.5672735760971055 0.03851540616246499 0.06535947712418301
4 0.5685399159663865 0.5585200746965452 0.04114145658263305 0.08753501400560224
4 0.6066176470588235 0.5398459383753501 0.0350140056022409 0.0688608776844071
4 0.31950280112044815 0.5462651727357609 0.040266106442577033 0.07936507936507936
4 0.38384103641456585 0.5824463118580765 0.04989495798319328 0.11437908496732026
4 0.11598389355742297 0.6530578898225957 0.08665966386554622 0.21591970121381887
4 0.04726890756302521 0.6367180205415499 0.06477591036414566 0.1715686274509804
0 0.06039915966386555 0.5491830065359476 0.04551820728291316 0.05952380952380952
6 0.02932422969187675 0.4989962651727357 0.030637254901960783 0.052521008403361345
4 0.14487044817927172 0.5124183006535947 0.03413865546218487 0.04668534080298786
4 0.16762955182072828 0.576610644257703 0.07615546218487394 0.10737628384687208
4 0.08359593837535013 0.5205882352941176 0.056897759103641456 0.0676937441643324
4 0.22802871148459383 0.5917833800186741 0.048144257703081235 0.15639589169000934
4 0.2779236694677871 0.5270074696545284 0.03939075630252101 0.07586367880485527
5 0.36545868347338933 0.5205882352941176 0.03238795518207283 0.08403361344537816
4 0.40835084033613445 0.5089169000933706 0.02188375350140056 0.056022408963585436
4 0.31906512605042014 0.48382352941176465 0.027135854341736695 0.052521008403361345
5 0.3444502801120448 0.4890756302521008 0.020133053221288517 0.03968253968253968
4 0.20702030812324929 0.5147525676937441 0.030637254901960783 0.05368814192343604
4 0.16850490196078433 0.48732492997198873 0.030637254901960783 0.04785247432306256
4 0.09191176470588236 0.4855742296918767 0.040266106442577033 0.03734827264239029
4 0.23765756302521007 0.4989962651727357 0.03238795518207283 0.04318394024276377
5 0.2809873949579832 0.47565359477124186 0.028011204481792718 0.04084967320261438