4 0.3294469246031746 0.7346792328042329 0.13971478174603175 0.27887896825396824
4 0.4861111111111111 0.5930324074074074 0.09093998015873016 0.1940046296296296
4 0.7118055555555556 0.7214517195767196 0.1273139880952381 0.30974537037037037
4 0.918484623015873 0.6900363756613757 0.13062251984126982 0.308640873015873
4 0.9608953373015873 0.5202810846560846 0.07820684523809524 0.11904761904761904
4 0.8556547619047619 0.56823082010582 0.0859796626984127 0.13337632275132275
4 0.7990252976190476 0.49933862433862436 0.08019097222222221 0.12566137566137567
4 0.6684027777777778 0.5588624338624338 0.0818452380952381 0.11243386243386243
4 0.7684350198412698 0.4348544973544973 0.052083333333333336 0.10471891534391535
4 0.6679885912698412 0.46296296296296297 0.054563492063492064 0.08818452380952381
4 0.7159399801587302 0.3951719576719577 0.026455853174603174 0.05842261904761904
0 0.7461135912698412 0.40619378306878307 0.027281746031746032 0.05401124338624339
0 0.1777455357142857 0.6459424603174603 0.12400793650793651 0.25132275132275134
0 0.30505952380952384 0.40674603174603174 0.0496031746031746 0.0815707671957672
0 0.19717261904761904 0.4552480158730159 0.04712301587301587 0.12125330687830688
0 0.06985863095238096 0.5318551587301588 0.10664682539682539 0.230380291005291
4 0.23726934523809523 0.4293419312169312 0.0496031746031746 0.11794642857142858
4 0.31539434523809523 0.5302017195767196 0.09011160714285714 0.16975198412698414
4 0.37781001984126983 0.4442228835978836 0.0496031746031746 0.09038690476190475
4 0.32903521825396825 0.3747784391534391 0.028107638888888887 0.0573181216931217
4 0.42989335317460314 0.44698082010582013 0.05125744047619047 0.08928571428571429
4 0.43320188492063494 0.3907638888888889 0.03802827380952381 0.05842261904761904
4 0.5051264880952381 0.4734358465608466 0.054563492063492064 0.08708002645502645
4 0.6560019841269841 0.40619378306878307 0.028936011904761905 0.05180886243386243