4 0.661078869047619 0.7415013227513229 0.12470238095238095 0.22513558201058198
4 0.5410243055555555 0.6149933862433863 0.05189484126984127 0.11669973544973544
4 0.4263888888888889 0.7322089947089947 0.10146577380952382 0.18176256613756614
4 0.21726190476190477 0.8375462962962962 0.1835689484126984 0.2850330687830688
4 0.5197222222222222 0.8671362433862433 0.1347718253968254 0.2657275132275132
4 0.5909821428571429 0.655787037037037 0.07900297619047619 0.12392857142857143
4 0.6835391865079365 0.5778141534391534 0.03795386904761905 0.10637235449735451
4 0.6324206349206349 0.5721329365079365 0.05654265873015873 0.08261904761904762
4 0.5936929563492064 0.5463161375661375 0.039501488095238096 0.08261904761904762
4 0.5541914682539683 0.5390873015873016 0.048797123015873016 0.07848875661375661
4 0.5015203373015873 0.5189484126984126 0.042599206349206345 0.07539021164021163
4 0.4573710317460317 0.48435185185185187 0.033306051587301586 0.055767195767195764
4 0.4647296626984127 0.5700694444444445 0.05112103174603175 0.07022486772486773
4 0.49803571428571425 0.5917559523809524 0.03872767857142857 0.09087962962962963
4 0.44691468253968253 0.5468320105820106 0.04182539682539682 0.07125992063492063
4 0.41864335317460316 0.5199801587301588 0.03485367063492063 0.0733234126984127
4 0.4047023809523809 0.6258366402116402 0.058090277777777775 0.09707671957671958
4 0.37875496031746037 0.5886574074074074 0.04182539682539682 0.08468253968253968
4 0.23507688492063494 0.5902083333333333 0.042599206349206345 0.0939781746031746
4 0.3593923611111111 0.5401190476190476 0.03253224206349206 0.04957010582010582
4 0.31291914682539684 0.5034589947089947 0.02943204365079365 0.05060515873015873
4 0.3369295634920635 0.5081051587301587 0.026334325396825398 0.047506613756613754
4 0.3838095238095238 0.49410052910052915 0.026470734126984127 0.04607804232804233
8 0.4964905753968254 0.5134623015873016 0.03418898809523809 0.07990079365079365
8 0.8778447420634921 0.7280820105820105 0.12902777777777777 0.2718783068783069
8 0.7574578373015873 0.6217096560846561 0.08755456349206349 0.16819444444444445