3 0.10416666666666667 0.6820436507936508 0.10416666666666667 0.5241402116402116
4 0.9157986111111112 0.8052248677248677 0.1277281746031746 0.25132275132275134
4 0.7025049603174603 0.759755291005291 0.13764880952380953 0.24636243386243387
4 0.8649553571428571 0.6787367724867724 0.09052579365079365 0.1207010582010582
4 0.9064980158730159 0.5993716931216931 0.06448412698412699 0.0710978835978836
4 0.9300595238095238 0.5381944444444444 0.06696428571428571 0.07771164021164022
4 0.8079117063492064 0.5067791005291006 0.05084325396825397 0.0710978835978836
4 0.78125 0.5464616402116402 0.04712301587301587 0.0710978835978836
4 0.6553819444444444 0.5406746031746031 0.06820436507936507 0.0958994708994709
4 0.7006448412698413 0.5092592592592593 0.03720238095238095 0.08597883597883597
4 0.7359871031746031 0.500165343915344 0.035962301587301584 0.08432539682539683
4 0.6101190476190477 0.591931216931217 0.07688492063492064 0.11243386243386243
4 0.5251736111111112 0.6498015873015873 0.07564484126984126 0.1488095238095238
4 0.4321676587301587 0.5927579365079365 0.07564484126984126 0.1669973544973545
4 0.5102926587301587 0.5472883597883598 0.053323412698412696 0.09259259259259259
4 0.5698164682539683 0.5191798941798942 0.05084325396825397 0.08267195767195767
4 0.6107390873015873 0.511739417989418 0.043402777777777776 0.06448412698412699
4 0.32428075396825395 0.5861441798941799 0.09052579365079365 0.13723544973544974
4 0.25483630952380953 0.5572089947089947 0.07068452380952381 0.12566137566137567
4 0.19469246031746032 0.5381944444444444 0.0744047619047619 0.09755291005291006
4 0.027901785714285716 0.5456349206349206 0.05084325396825397 0.17857142857142858
0 0.3757440476190476 0.4828042328042328 0.03844246031746032 0.06944444444444445
4 0.42038690476190477 0.47784391534391535 0.02976190476190476 0.05125661375661376
4 0.3345114087301587 0.5150462962962963 0.045262896825396824 0.0744047619047619
4 0.2864583333333333 0.5071924603174603 0.045882936507936505 0.07357804232804233
5 0.21980406746031747 0.48900462962962965 0.032862103174603176 0.062003968253968256
4 0.32645089285714285 0.4575892857142857 0.030381944444444444 0.04546957671957672
4 0.16431051587301587 0.48900462962962965 0.033482142857142856 0.052083333333333336
4 0.26165674603174605 0.4435350529100529 0.027281746031746032 0.04050925925925926