4 0.16276041666666666 0.5894510582010583 0.07378472222222222 0.23313492063492064
4 0.0480530753968254 0.482390873015873 0.045262896825396824 0.11656746031746032
4 0.12369791666666667 0.44146825396825395 0.045262896825396824 0.054563492063492064
4 0.19903273809523808 0.48156415343915343 0.042162698412698416 0.062003968253968256
4 0.25793650793650796 0.5361276455026455 0.05828373015873016 0.16121031746031747
4 0.32707093253968256 0.5563822751322751 0.07254464285714286 0.16203703703703703
4 0.3552827380952381 0.4662698412698413 0.034722222222222224 0.05787037037037037
4 0.31808035714285715 0.447255291005291 0.03720238095238095 0.05787037037037037
4 0.26599702380952384 0.43526785714285715 0.026041666666666668 0.04546957671957672
4 0.2818080357142857 0.40385251322751325 0.021701388888888888 0.03720238095238095
4 0.4544890873015873 0.5671296296296297 0.0744047619047619 0.1984126984126984
4 0.5443948412698413 0.6345072751322751 0.08432539682539683 0.18766534391534392
4 0.7173859126984127 0.705191798941799 0.1277281746031746 0.25462962962962965
4 0.9160119047619047 0.76369708994709 0.1661607142857143 0.2748048941798942
4 0.9205381944444445 0.6110284391534392 0.09959077380952382 0.08734126984126984
4 0.9197395833333333 0.546412037037037 0.07455853174603175 0.07881944444444444
4 0.9303893849206349 0.46652777777777776 0.046865079365079367 0.06390873015873015
4 0.8252083333333333 0.465816798941799 0.04420386904761905 0.06816798941798942
4 0.7234895833333334 0.4675925925925926 0.03994295634920635 0.07881944444444444
4 0.6704985119047618 0.48108465608465606 0.041540178571428575 0.07597883597883598
4 0.6215029761904762 0.5375363756613757 0.05538690476190476 0.08521164021164021
4 0.6308234126984127 0.460135582010582 0.0378125 0.05538690476190476
4 0.5237772817460317 0.5002546296296296 0.04952876984126984 0.08024140211640211
4 0.39116815476190475 0.4306679894179894 0.025029761904761905 0.057516534391534396
0 0.5802281746031747 0.46475198412698415 0.04100694444444444 0.06887896825396825
0 0.09426339285714286 0.5279497354497354 0.05645089285714286 0.1086441798941799
0 0.4212599206349206 0.4821494708994709 0.03408482142857143 0.07526785714285715
4 0.3443030753968254 0.40545965608465606 0.025029761904761905 0.03834325396825397
3 0.18985863095238095 0.41327050264550264 0.06763640873015872 0.13207671957671957
4 0.06763640873015872 0.42392195767195767 0.02769345238095238 0.0440244708994709
4 0.24178323412698413 0.43847883597883597 0.023432539682539683 0.04473544973544973
0 0.4265848214285714 0.42427579365079365 0.02556299603174603 0.04473544973544973
4 0.1358035714285714 0.4139814814814815 0.030887896825396825 0.0440244708994709
4 0.5567956349206349 0.4100760582010582 0.022899305555555555 0.0390542328042328
2 0.3746602182539683 0.4146891534391534 0.012249503968253968 0.03692460317460317