8 0.8582638888888889 0.6865145502645502 0.13391369047619048 0.2616203703703704
4 0.7397470238095237 0.6125165343915344 0.07734126984126984 0.18237103174603175
4 0.20624007936507935 0.8240079365079366 0.16470734126984127 0.28835648148148146
4 0.5023536706349206 0.8311706349206349 0.12388888888888888 0.23965939153439153
4 0.6233779761904762 0.7165939153439154 0.10097222222222223 0.21101521164021164
4 0.41212301587301586 0.7208895502645501 0.10956597222222222 0.187146164021164
4 0.2091046626984127 0.6406845238095238 0.03437251984126984 0.06874669312169311
4 0.2116121031746032 0.5537962962962963 0.03365823412698413 0.07065806878306878
4 0.43826140873015873 0.46738425925925925 0.02291666666666667 0.046785714285714285
4 0.47550099206349206 0.49984788359788357 0.03723710317460317 0.05442460317460318
4 0.5292088293650794 0.5232407407407408 0.04726438492063492 0.059199735449735454
4 0.5639409722222222 0.5356547619047619 0.039387400793650794 0.04774140211640212
4 0.6108457341269841 0.5609556878306878 0.04869543650793651 0.07542989417989418
4 0.6649131944444444 0.5576157407407407 0.04797867063492063 0.09930224867724868
4 0.5245535714285714 0.6096527777777777 0.062301587301587295 0.1155324074074074
4 0.47514136904761906 0.5843485449735449 0.05943700396825397 0.10312169312169311
4 0.4493625992063492 0.5494973544973545 0.03508928571428571 0.039146825396825395
4 0.4300272817460317 0.5294477513227513 0.05514136904761905 0.05442460317460318
4 0.3967286706349206 0.5065310846560847 0.03150793650793651 0.07161044973544974
4 0.36593501984126986 0.47931878306878306 0.027212301587301587 0.04392195767195767
4 0.33872271825396827 0.5098743386243386 0.027212301587301587 0.03246362433862434
4 0.35555059523809524 0.5724140211640212 0.03222470238095238 0.0945271164021164
4 0.3240426587301587 0.5738458994708995 0.03795386904761905 0.08975198412698414
5 0.37846726190476193 0.6139484126984127 0.05084325396825397 0.09548280423280424
0 0.31867063492063497 0.48361772486772486 0.024347718253968254 0.03532738095238095
4 0.2918179563492063 0.48504960317460316 0.03365823412698413 0.05156084656084656