0 0.05724950396825397 0.5633498677248677 0.10623263888888888 0.29072089947089946
4 0.16922867063492064 0.47543650793650793 0.08994791666666667 0.145760582010582
4 0.2400793650793651 0.45328703703703704 0.05803571428571429 0.16539021164021164
5 0.296875 0.42089616402116403 0.06084573412698413 0.11383928571428571
4 0.32820684523809524 0.3957771164021164 0.039186507936507936 0.08123677248677248
4 0.43559771825396826 0.4539517195767196 0.06746031746031746 0.08074074074074074
4 0.4246031746031746 0.394348544973545 0.05009920634920635 0.06294642857142857
4 0.18543402777777776 0.6786078042328043 0.15542410714285712 0.33164351851851853
0 0.3225868055555556 0.7520006613756615 0.19328621031746032 0.3152876984126984
4 0.2945610119047619 0.5320734126984127 0.09590029761904763 0.1752579365079365
4 0.4780084325396825 0.6276058201058201 0.09407986111111111 0.218614417989418
4 0.6777455357142858 0.7448346560846562 0.1430233134920635 0.33843253968253967
4 0.8994295634920635 0.7748677248677248 0.20114087301587302 0.4029067460317461
4 0.945766369047619 0.5247982804232805 0.09077380952380952 0.13645502645502644
4 0.8294469246031746 0.5948776455026455 0.11441716269841269 0.15315806878306878
4 0.6658407738095238 0.5750462962962963 0.13607886904761904 0.12231812169312169
4 0.6630282738095238 0.4983498677248677 0.10730902777777779 0.12765542328042326
4 0.7560342261904762 0.44502314814814814 0.08002728174603176 0.10036044973544973
4 0.6656746031746031 0.41593584656084653 0.033234126984126984 0.05982804232804233
4 0.5000818452380952 0.49406084656084653 0.10383680555555556 0.08159722222222222
4 0.38665674603174605 0.4567030423280423 0.06878224206349207 0.09286044973544974
4 0.4164186507936508 0.3965443121693122 0.06878224206349207 0.04749669312169312
4 0.5449727182539682 0.4104265873015873 0.029928075396825397 0.053217592592592594
6 0.5010739087301587 0.4456878306878307 0.046297123015873014 0.06201388888888889
4 0.6206175595238095 0.3791335978835979 0.050595238095238096 0.052357804232804235
6 0.7928249007936509 0.49582010582010577 0.0924280753968254 0.10275132275132276
5 0.7279265873015873 0.40061838624338625 0.05026537698412698 0.07107804232804232
4 0.7051909722222222 0.39587962962962964 0.04282490079365079 0.06821428571428571