6 0.2326388888888889 0.7415972222222222 0.1453373015873016 0.3105787037037037
8 0.5016121031746031 0.737364417989418 0.13516865079365079 0.29218915343915347
6 0.6398809523809523 0.6064715608465608 0.09672619047619048 0.17590608465608468
6 0.5622519841269841 0.5520899470899471 0.08928571428571429 0.1313260582010582
8 0.7377232142857143 0.5428406084656084 0.09151785714285714 0.13131944444444446
8 0.8583829365079365 0.6236541005291005 0.12202380952380952 0.22350198412698413
4 0.43117559523809523 0.6388723544973545 0.1232638888888889 0.14811838624338625
4 0.3929811507936508 0.5648280423280423 0.09052579365079365 0.10584986772486772
4 0.36334325396825395 0.5215277777777777 0.054563492063492064 0.07876984126984127
4 0.3474702380952381 0.4947519841269842 0.05257936507936508 0.05829034391534392
5 0.3343253968253968 0.40566137566137567 0.05109126984126984 0.04875992063492063
4 0.4184027777777778 0.4160714285714286 0.04563492063492063 0.07288359788359788
4 0.48735119047619047 0.493260582010582 0.054563492063492064 0.09829034391534393
4 0.5306299603174603 0.4988822751322751 0.04935515873015873 0.07646825396825398
4 0.49987599206349204 0.40896494708994713 0.037450396825396824 0.06859126984126984
4 0.6217757936507936 0.4559027777777778 0.04563492063492063 0.09633267195767196
4 0.6821676587301587 0.4803703703703704 0.0597718253968254 0.07912698412698413
4 0.599578373015873 0.42202711640211643 0.028521825396825396 0.04511243386243386
4 0.5365823412698413 0.43987433862433867 0.07118055555555555 0.06757936507936509
4 0.4593253968253968 0.40813822751322754 0.043154761904761904 0.07024470899470898
5 0.3869047619047619 0.3985548941798942 0.03720238095238095 0.05768849206349206
4 0.24665178571428573 0.4879695767195767 0.051835317460317464 0.10093915343915344