8 0.8871673669467787 0.6757703081232493 0.11116946778711484 0.20541549953314658
4 0.1798844537815126 0.6804388422035481 0.12692577030812324 0.22642390289449113
6 0.25866596638655465 0.5923202614379085 0.06565126050420168 0.14589169000933708
4 0.6074929971988795 0.6535947712418301 0.09628851540616247 0.21475256769374415
4 0.39259453781512604 0.6827731092436975 0.12167366946778711 0.2404295051353875
4 0.30943627450980393 0.5392156862745098 0.06390056022408963 0.12371615312791784
4 0.35801820728291317 0.5036181139122315 0.05777310924369748 0.09220354808590103
4 0.3860294117647059 0.43183940242763774 0.03326330532212885 0.05835667600373483
0 0.47837885154061627 0.47327264239028943 0.03413865546218487 0.052521008403361345
4 0.8018207282913166 0.5742296918767507 0.0822829131652661 0.16806722689075632
4 0.7716211484593838 0.5053688141923436 0.03939075630252101 0.07469654528478058
4 0.7300420168067226 0.5182072829131653 0.05952380952380952 0.10270774976657329
4 0.6853991596638656 0.47910830999066295 0.05777310924369748 0.07119514472455649
4 0.6490721288515406 0.4616013071895425 0.0428921568627451 0.0665266106442577
4 0.623249299719888 0.42483660130718953 0.04201680672268908 0.07936507936507936
2 0.5702906162464986 0.45751633986928103 0.03939075630252101 0.03968253968253968
4 0.45168067226890757 0.4831932773109244 0.0350140056022409 0.08403361344537816
4 0.48144257703081234 0.4271708683473389 0.028011204481792718 0.04668534080298786
4 0.586484593837535 0.5222922502334267 0.03326330532212885 0.05718954248366013