4 0.8941701680672269 0.7440476190476191 0.18119747899159663 0.3349673202614379
0 0.8740371148459384 0.5380485527544351 0.1094187675070028 0.10737628384687208
4 0.8617822128851541 0.45926704014939307 0.06390056022408963 0.08286647992530345
4 0.6560749299719888 0.6069094304388422 0.10591736694677871 0.24276377217553688
4 0.36852240896358546 0.6477591036414566 0.14530812324929973 0.29411764705882354
4 0.5020133053221288 0.6938608776844071 0.13567927170868346 0.31395891690009337
0 0.12167366946778711 0.6028244631185807 0.1645658263305322 0.3536414565826331
0 0.2608543417366947 0.5100373482726424 0.1207983193277311 0.2661064425770308
0 0.38252801120448177 0.45168067226890757 0.06827731092436974 0.14705882352941177
4 0.49413515406162467 0.480859010270775 0.07615546218487394 0.12371615312791784
4 0.42323179271708683 0.3968253968253968 0.04114145658263305 0.08636788048552754
5 0.4840686274509804 0.3869047619047619 0.05952380952380952 0.08286647992530345
4 0.9335609243697479 0.3997432306255836 0.03764005602240896 0.07352941176470588
5 0.9726890756302521 0.4598506069094304 0.0546218487394958 0.12605042016806722
4 0.8862920168067226 0.41608309990662934 0.03764005602240896 0.06185807656395892
4 0.6928396358543417 0.46568627450980393 0.06039915966386555 0.09103641456582633
4 0.6018032212885154 0.43592436974789917 0.056897759103641456 0.09220354808590103
4 0.6079306722689075 0.37056489262371617 0.04114145658263305 0.05485527544351074
4 0.509016106442577 0.36064425770308123 0.030637254901960783 0.06302521008403361
4 0.8337710084033614 0.402077497665733 0.044642857142857144 0.06185807656395892
4 0.6924019607843137 0.37406629318394025 0.03676470588235294 0.050186741363211954