4 0.8826884920634921 0.8407738095238095 0.17063492063492064 0.31845238095238093
4 0.6759672619047619 0.7877678571428571 0.1416170634920635 0.3579464285714286
4 0.8896329365079365 0.6073148148148149 0.09523809523809523 0.0764021164021164
4 0.8232886904761905 0.7120965608465609 0.09895833333333333 0.14708002645502644
4 0.9182787698412699 0.50880291005291 0.06572420634920635 0.06456349206349207
4 0.7909226190476191 0.5273082010582011 0.06646825396825397 0.10157407407407408
4 0.6839037698412699 0.5200330687830688 0.05828373015873016 0.11348214285714286
4 0.7150297619047619 0.4868187830687831 0.04365079365079365 0.06358465608465609
4 0.6385168650793651 0.5562301587301587 0.0716765873015873 0.12304563492063492
4 0.5979662698412699 0.6149107142857143 0.09722222222222222 0.12466269841269842
4 0.5980902777777778 0.4881415343915344 0.04538690476190476 0.053005952380952376
4 0.12053571428571429 0.6500958994708995 0.09970238095238096 0.2578637566137566
0 0.5040500992063491 0.6761772486772487 0.1069766865079365 0.26505291005291004
4 0.4079861111111111 0.6497321428571429 0.10863095238095238 0.2474371693121693
0 0.2867881944444444 0.6379530423280424 0.10234871031746032 0.18639550264550264
0 0.22809275793650793 0.5690873015873016 0.06101190476190476 0.13905753968253967
6 0.3146502976190476 0.5252414021164021 0.050595238095238096 0.07340939153439154
4 0.37896825396825395 0.5552116402116403 0.07671875 0.0892559523809524
4 0.37640625 0.4379728835978836 0.030257936507936508 0.03996362433862434
4 0.310515873015873 0.45471891534391534 0.032408234126984126 0.055820105820105825
4 0.26471478174603175 0.4843617724867725 0.03670634920634921 0.0511739417989418
4 0.20337301587301587 0.48744708994708996 0.042988591269841274 0.05734457671957672
4 0.23842509920634922 0.44226851851851856 0.027115575396825395 0.03312830687830688
4 0.22685267857142857 0.4641997354497355 0.03042410714285714 0.03509920634920635
4 0.1892361111111111 0.4537301587301587 0.02628968253968254 0.029596560846560847
4 0.0822594246031746 0.491412037037037 0.060349702380952386 0.05645833333333333
4 0.05398561507936508 0.6267096560846561 0.0798611111111111 0.19477843915343915
4 0.1714608134920635 0.5401124338624338 0.06845238095238096 0.09654100529100529
6 0.030339781746031746 0.4709160052910053 0.04249255952380953 0.05514880952380953
6 0.4895833333333333 0.531412037037037 0.05654761904761905 0.06811507936507936
6 0.8565649801587302 0.5494808201058201 0.06465029761904763 0.0866170634920635
5 0.737765376984127 0.5853935185185185 0.08002728174603176 0.15403108465608467
5 0.5481150793650794 0.5125661375661376 0.06779017857142856 0.08994378306878308
4 0.3568948412698413 0.48380291005291004 0.0441468253968254 0.10516865079365079
4 0.4020337301587302 0.4686011904761905 0.025297619047619048 0.06154100529100529
4 0.5204191468253968 0.4586838624338624 0.03058779761904762 0.07256944444444444
4 0.09159970238095237 0.45538359788359783 0.02447172619047619 0.035105820105820106
4 0.16104414682539683 0.4637566137566138 0.02447172619047619 0.03421626984126984
4 0.05952380952380952 0.5094874338624339 0.052909226190476194 0.04851521164021164