4 0.7195378151260504 0.5450513538748832 0.10679271708683473 0.22175536881419233
8 0.3383228291316527 0.7970354808590103 0.23546918767507002 0.40592903828197946
0 0.156687675070028 0.4341736694677871 0.10679271708683473 0.1353874883286648
0 0.24641106442577032 0.5462184873949579 0.10766806722689076 0.19607843137254902
8 0.8403361344537815 0.45518207282913165 0.08053221288515407 0.1704014939309057
8 0.4639355742296919 0.5053688141923436 0.08753501400560224 0.18674136321195145
8 0.5672268907563025 0.4837768440709617 0.09453781512605042 0.18557422969187676
4 0.32563025210084034 0.46977124183006536 0.0822829131652661 0.11087768440709617
4 0.2967436974789916 0.3939075630252101 0.06302521008403361 0.07119514472455649
4 0.23634453781512604 0.39740896358543415 0.05427170868347339 0.0688608776844071
4 0.3952205882352941 0.37931839402427636 0.07265406162464987 0.05835667600373483
4 0.41228991596638653 0.43300653594771243 0.06827731092436974 0.08636788048552754
4 0.509891456582633 0.3968253968253968 0.077906162464986 0.09337068160597572
4 0.4740021008403361 0.3530578898225957 0.053396358543417365 0.0641923436041083
4 0.4276085434173669 0.3291316526610644 0.053396358543417365 0.06535947712418301
4 0.5199579831932774 0.3285480859010271 0.026260504201680673 0.050186741363211954
4 0.5702906162464986 0.3524743230625584 0.04639355742296919 0.07936507936507936
4 0.6184348739495799 0.3775676937441643 0.04639355742296919 0.09220354808590103
4 0.7532387955182073 0.3880718954248366 0.056897759103641456 0.09687208216619982
4 0.7024684873949579 0.4271708683473389 0.07615546218487394 0.07936507936507936
4 0.6950280112044818 0.35014005602240894 0.056022408963585436 0.08403361344537816
4 0.6460084033613446 0.32446311858076565 0.03676470588235294 0.05835667600373483
4 0.5702906162464986 0.3034547152194211 0.035889355742296916 0.04201680672268908
4 0.8088235294117647 0.3419701213818861 0.049019607843137254 0.07936507936507936
4 0.739670868347339 0.325046685340803 0.03676470588235294 0.05718954248366013