4 0.8897569444444444 0.796957671957672 0.18229166666666666 0.32407407407407407
4 0.6950644841269841 0.7357804232804233 0.16245039682539683 0.291005291005291
4 0.8738417658730159 0.6608234126984127 0.13227430555555555 0.17967261904761905
4 0.928405257936508 0.5081580687830688 0.07771081349206349 0.08377314814814815
4 0.7940649801587302 0.47619047619047616 0.043816964285714285 0.07495701058201058
4 0.7783556547619047 0.5202810846560846 0.05869791666666666 0.0815707671957672
4 0.7605828373015873 0.5599636243386243 0.07109871031746032 0.1168419312169312
4 0.6973387896825397 0.48666335978835984 0.050429067460317466 0.09810515873015874
4 0.7291666666666666 0.4679232804232804 0.03968253968253968 0.07165013227513227
4 0.6526959325396826 0.5065046296296296 0.06696428571428571 0.08487764550264551
4 0.6080530753968254 0.5649239417989418 0.08515128968253968 0.13558201058201058
4 0.5241393849206349 0.6266534391534392 0.10747271825396824 0.1598313492063492
4 0.6130133928571428 0.47453703703703703 0.04712301587301587 0.07165013227513227
4 0.5629960317460317 0.4982374338624339 0.0496031746031746 0.09700066137566137
4 0.5435689484126984 0.43430224867724865 0.03885664682539682 0.07054563492063493
4 0.5076066468253968 0.5224867724867724 0.06779017857142856 0.10582010582010581
0 0.43485367063492064 0.5952380952380952 0.09755208333333333 0.2491170634920635
0 0.3067137896825397 0.5803571428571429 0.11078125 0.1818783068783069
2 0.3364756944444445 0.49051917989417987 0.05952380952380952 0.07054563492063493
4 0.14591517857142858 0.5946858465608466 0.10664682539682539 0.21715277777777778
4 0.06696428571428571 0.5643750000000001 0.10912698412698413 0.12345568783068782
4 0.028107638888888887 0.4855588624338624 0.054563492063492064 0.10912698412698413
4 0.18270585317460317 0.49051917989417987 0.0496031746031746 0.0815707671957672
4 0.10747271825396824 0.4552480158730159 0.06282986111111112 0.0815707671957672
4 0.04546875 0.4442228835978836 0.046297123015873014 0.06393187830687831
4 0.3711979166666667 0.459103835978836 0.03968253968253968 0.08708002645502645
0 0.41418650793650796 0.4420205026455027 0.026455853174603174 0.04409060846560847
4 0.3844246031746032 0.41776785714285714 0.02976190476190476 0.046296296296296294
4 0.2922445436507936 0.4695767195767196 0.050429067460317466 0.07936507936507936
4 0.21825396825396826 0.4574503968253968 0.036376488095238094 0.04850198412698412
4 0.25669642857142855 0.4166666666666667 0.032242063492063495 0.046296296296296294
0 0.18187748015873018 0.4144609788359788 0.04133680555555555 0.04850198412698412
4 0.08101934523809524 0.5031977513227514 0.06282986111111112 0.08046626984126984
0 0.15749007936507936 0.4618617724867725 0.033896329365079365 0.06613756613756613
4 0.32655505952380953 0.42162698412698413 0.044642857142857144 0.06503637566137566
4 0.34804811507936506 0.4304464285714286 0.02976190476190476 0.05180886243386243
4 0.27860367063492064 0.4254861111111111 0.02976190476190476 0.04409060846560847
4 0.25049603174603174 0.45634920634920634 0.046297123015873014 0.07936507936507936
4 0.23809523809523808 0.548941798941799 0.09424603174603174 0.14770833333333333