4 0.8779761904761905 0.7058986928104576 0.17682072829131654 0.2301890756302521
4 0.47190126050420167 0.6308776844070961 0.11922268907563026 0.2178688141923436
6 0.2930672268907563 0.5434967320261438 0.10994397759103641 0.14815126050420166
4 0.1402310924369748 0.7075233426704015 0.13690476190476192 0.2754598506069094
4 0.31398809523809523 0.7851447245564892 0.17454481792717086 0.3466666666666666
4 0.05112044817927171 0.5728011204481793 0.10224089635854341 0.274453781512605
4 0.15362394957983194 0.516344537815126 0.09191176470588236 0.18021475256769373
4 0.21376050420168066 0.4753944911297852 0.06687675070028011 0.1613375350140056
6 0.2668067226890756 0.4392296918767507 0.06442577030812324 0.12169234360410831
4 0.30348389355742295 0.4138001867413632 0.05549719887955182 0.09417133520074697
4 0.3641456582633053 0.4807633053221289 0.0700280112044818 0.13940009337068163
4 0.4101890756302521 0.4671195144724557 0.06057422969187675 0.09577264239028946
4 0.4096638655462185 0.41193510737628386 0.056022408963585436 0.07177170868347339
6 0.47478991596638653 0.5046848739495798 0.06722689075630252 0.1288842203548086
5 0.5717787114845938 0.46467086834733895 0.19117647058823528 0.09320728291316527
4 0.6742822128851541 0.6951960784313725 0.13883053221288516 0.26480859010270774
4 0.6365546218487395 0.5735247432306256 0.0896358543417367 0.12183940242763773
4 0.822391456582633 0.6341853408029878 0.11992296918767507 0.19647525676937444
6 0.7729341736694678 0.5226540616246499 0.0857843137254902 0.12280578898225958
6 0.7398459383753502 0.4606979458450047 0.05812324929971989 0.1272782446311858
4 0.6021533613445378 0.4061017740429505 0.050595238095238096 0.07410830999066294
4 0.6862745098039216 0.42313492063492064 0.049019607843137254 0.08483193277310924
4 0.9359243697478992 0.547266573295985 0.12815126050420167 0.1650280112044818