4 0.8994717261904762 0.7859358465608466 0.15707589285714288 0.291005291005291
4 0.8788020833333333 0.6128736772486773 0.07605902777777779 0.09479828042328042
4 0.9230332341269841 0.4971329365079365 0.052083333333333336 0.06613756613756613
4 0.7911706349206349 0.4728835978835979 0.034722222222222224 0.041888227513227516
4 0.7738095238095238 0.5131183862433862 0.036376488095238094 0.05842261904761904
4 0.7477678571428571 0.5533498677248677 0.04877728174603174 0.07054563492063493
4 0.6845238095238095 0.7313723544973545 0.14384920634920634 0.27226521164021167
4 0.42410714285714285 0.5753968253968254 0.07275049603174603 0.17857142857142858
4 0.5166989087301587 0.658068783068783 0.0992063492063492 0.1984126984126984
4 0.5993725198412698 0.566577380952381 0.056217757936507934 0.11463955026455026
4 0.6460813492063492 0.5158730158730159 0.042162698412698416 0.09479828042328042
4 0.6989905753968254 0.5054001322751323 0.04546875 0.10692129629629629
4 0.6072247023809524 0.47729166666666667 0.032242063492063495 0.06613756613756613
4 0.5584499007936509 0.4932771164021164 0.03885664682539682 0.07826388888888888
4 0.5026463293650794 0.5180787037037037 0.054563492063492064 0.08818452380952381
5 0.5340600198412698 0.42493386243386244 0.026455853174603174 0.04078373015873016
4 0.36953373015873014 0.4489484126984127 0.03580605158730159 0.06304232804232804
4 0.3858308531746032 0.42048941798941797 0.019739583333333335 0.03794642857142857
4 0.3431374007936508 0.43946097883597884 0.021574900793650792 0.048964947089947086
4 0.32707093253968256 0.4838359788359788 0.03167410714285714 0.05569775132275132
4 0.3038888888888889 0.5912533068783069 0.09364583333333333 0.19708333333333333
4 0.22791666666666668 0.5392294973544974 0.05646329365079365 0.1285350529100529
4 0.29057787698412696 0.46241402116402114 0.029379960317460315 0.056921296296296296
4 0.3174305555555556 0.4244675925925926 0.020657242063492065 0.03978505291005291
0 0.30090525793650796 0.43242394179894184 0.021574900793650792 0.04590608465608465
4 0.2784126984126984 0.4290575396825397 0.023410218253968253 0.04162037037037037
4 0.25614831349206346 0.42201719576719576 0.02295138888888889 0.03733465608465609
4 0.2449032738095238 0.45537698412698413 0.03626488095238095 0.051412037037037034
4 0.18224206349206348 0.48965277777777777 0.034888392857142854 0.07344907407407408
0 0.1370262896825397 0.5866633597883598 0.08492311507936509 0.18667989417989417
4 0.10053075396825396 0.45292658730158736 0.048658234126984126 0.05875661375661376
4 0.06748015873015872 0.5762599206349206 0.07436507936507936 0.17688492063492062
4 0.01560763888888889 0.4767989417989418 0.030297619047619045 0.061207010582010585
4 0.034888392857142854 0.43946097883597884 0.028459821428571428 0.04162037037037037
0 0.15860119047619048 0.47128968253968256 0.023410218253968253 0.05508597883597884
4 0.20037450396825396 0.4357903439153439 0.022492559523809522 0.04406746031746032
2 0.16296130952380952 0.4189583333333334 0.026624503968253967 0.04223214285714286