0 0.06363795518207283 0.6294934640522876 0.12202380952380952 0.3458216619981326
0 0.18942577030812324 0.5451493930905695 0.1057422969187675 0.25883286647992526
0 0.2958683473389356 0.49837768440709623 0.08053221288515407 0.16762138188608777
4 0.2822128851540616 0.6713935574229691 0.13725490196078433 0.25455415499533146
4 0.43067226890756305 0.752593370681606 0.15406162464985995 0.304906629318394
4 0.5801820728291317 0.6444491129785248 0.10994397759103641 0.21700046685340804
4 0.41430322128851543 0.5326844070961718 0.09156162464985994 0.13819794584500467
4 0.3540791316526611 0.44658029878618116 0.05514705882352941 0.11071661998132587
4 0.44389005602240894 0.40248366013071896 0.04219187675070028 0.073874883286648
4 0.6102941176470589 0.5118067226890756 0.0861344537815126 0.09410597572362278
4 0.6298144257703081 0.4492763772175537 0.056897759103641456 0.04374183006535948
4 0.7648809523809523 0.6045588235294117 0.08368347338935574 0.12321895424836601
4 0.801295518207283 0.7584313725490196 0.14950980392156862 0.28390056022408966
4 0.9473039215686274 0.6640546218487395 0.1053921568627451 0.18151960784313725
4 0.8785014005602241 0.48368113912231564 0.062324929971988796 0.12422735760971057
4 0.8264180672268907 0.4388842203548086 0.04044117647058824 0.0813188608776844
4 0.7556897759103641 0.5047992530345471 0.0740546218487395 0.126781045751634
4 0.7342436974789915 0.4133356676003735 0.032913165266106444 0.06523342670401494
4 0.7354691876750701 0.43422502334267044 0.038865546218487396 0.043984593837535016
4 0.7618172268907563 0.43165732959850606 0.03378851540616246 0.043520074696545286
6 0.7956932773109243 0.44052287581699345 0.03326330532212885 0.051914098972922505
6 0.4119397759103641 0.4161321195144725 0.05707282913165266 0.08950046685340804
4 0.5340511204481793 0.4091339869281046 0.057948179271708686 0.06616946778711486
4 0.5268732492997199 0.4538211951447246 0.06810224089635854 0.07384220354808589
4 0.4808298319327731 0.46222455648926236 0.0705532212885154 0.05330065359477124
4 0.6228991596638656 0.39373482726423903 0.04831932773109244 0.0540452847805789
4 0.6550245098039216 0.4134593837535014 0.023284313725490197 0.025795985060690946
6 0.926733193277311 0.5217226890756302 0.09051120448179271 0.10226890756302522