3 0.07571778711484593 0.46101774042950516 0.053396358543417365 0.12371615312791784
4 0.6350665266106442 0.7813958916900093 0.16719187675070027 0.3723155929038282
4 0.3873424369747899 0.6961951447245565 0.14618347338935575 0.376984126984127
4 0.17857142857142858 0.5958216619981326 0.09803921568627451 0.21825396825396826
4 0.11510854341736694 0.5567226890756303 0.09016106442577031 0.20074696545284781
4 0.35670518207282914 0.4966153127917834 0.07090336134453781 0.15056022408963585
4 0.4538690476190476 0.5036181139122315 0.07615546218487394 0.15289449112978526
4 0.5243347338935574 0.5246265172735761 0.09453781512605042 0.15056022408963585
4 0.7339810924369747 0.5491363211951448 0.11642156862745098 0.19957983193277312
4 0.8355217086834734 0.5012838468720822 0.10591736694677871 0.19024276377217553
6 0.5536589635854342 0.4534313725490196 0.06740196078431372 0.09687208216619982
4 0.6144957983193278 0.5100373482726424 0.08403361344537816 0.14472455648926238
4 0.7309173669467787 0.4662698412698413 0.07878151260504201 0.13655462184873948
4 0.27223389355742295 0.574813258636788 0.11379551820728291 0.21591970121381887