0 0.6631944444444444 0.7860085978835979 0.16319444444444445 0.3246626984126984
4 0.8767361111111112 0.8327876984126984 0.15873015873015872 0.3024834656084656
4 0.8309771825396826 0.6875231481481482 0.109375 0.12769510582010582
4 0.8588789682539683 0.5744742063492063 0.07341269841269842 0.0735515873015873
4 0.7719494047619048 0.5076917989417989 0.05084325396825397 0.09871693121693122
4 0.7436755952380952 0.5348048941798942 0.05381944444444445 0.07357473544973546
4 0.730406746031746 0.6030654761904762 0.06448412698412699 0.10097222222222221
4 0.5850694444444444 0.6230555555555555 0.07142857142857142 0.1641005291005291
4 0.6121031746031746 0.5476884920634921 0.06101190476190476 0.11918650793650794
4 0.662078373015873 0.5190972222222222 0.04439484126984127 0.10499007936507937
4 0.6975446428571429 0.49430555555555555 0.04092261904761905 0.08847552910052911
4 0.4939236111111111 0.6952744708994709 0.10491071428571429 0.2390972222222222
4 0.4021577380952381 0.643369708994709 0.0900297619047619 0.2609490740740741
4 0.4817708333333333 0.5407506613756614 0.05580357142857143 0.09869708994708994
4 0.5246775793650794 0.5152943121693122 0.047371031746031744 0.0940839947089947
4 0.5763888888888888 0.5040608465608466 0.039186507936507936 0.07161044973544974
4 0.5106646825396826 0.44802579365079365 0.031746031746031744 0.062060185185185184
4 0.27356150793650796 0.6255257936507936 0.10317460317460317 0.21203373015873017
4 0.10007440476190477 0.6456878306878306 0.1307043650793651 0.2933300264550264
4 0.21155753968253968 0.5690046296296296 0.07837301587301587 0.17173611111111112
0 0.34499007936507936 0.48224537037037035 0.05340525793650794 0.0844212962962963
4 0.2823239087301587 0.44059854497354495 0.03058779761904762 0.049623015873015874
4 0.260250496031746 0.4580092592592592 0.037698412698412696 0.04476521164021164
4 0.2409895833333333 0.48709986772486774 0.040508432539682546 0.050036375661375664
0 0.1779092261904762 0.4796031746031746 0.04497271825396826 0.06150132275132275
4 0.12243799603174603 0.4798280423280423 0.051421130952380954 0.048716931216931214
4 0.06679811507936508 0.47773148148148153 0.06746031746031746 0.05996031746031746
4 0.2220560515873016 0.43530753968253966 0.03736855158730158 0.047863756613756615
4 0.3525967261904762 0.43189484126984123 0.022321428571428572 0.03882936507936508
4 0.8844246031746031 0.5144212962962963 0.07242063492063493 0.09585978835978835
4 0.4963616071428571 0.46042989417989416 0.02050347222222222 0.0628339947089947
4 0.04398065476190476 0.4998809523809524 0.041666666666666664 0.0491468253968254
4 0.13169642857142858 0.456577380952381 0.03687251984126984 0.04410383597883598