4 0.9123263888888888 0.814318783068783 0.1753472222222222 0.3687169312169312
4 0.8978174603174603 0.6299603174603174 0.11160714285714286 0.11243386243386243
4 0.9176587301587301 0.5514219576719577 0.07936507936507936 0.08763227513227513
4 0.9288194444444444 0.4828042328042328 0.0744047619047619 0.09259259259259259
4 0.7068452380952381 0.7853835978835979 0.1661706349206349 0.41335978835978837
4 0.7942708333333334 0.5076058201058201 0.043402777777777776 0.06944444444444445
4 0.8178323412698413 0.46130952380952384 0.04836309523809524 0.06283068783068783
4 0.7223462301587301 0.47453703703703703 0.04836309523809524 0.0992063492063492
4 0.6696428571428571 0.4877645502645503 0.05952380952380952 0.07936507936507936
4 0.6281001984126984 0.5464616402116402 0.07068452380952381 0.11408730158730158
4 0.5431547619047619 0.6779100529100529 0.0992063492063492 0.2744708994708995
4 0.6355406746031746 0.46875 0.043402777777777776 0.06779100529100529
4 0.5251736111111112 0.5059523809523809 0.06076388888888889 0.0958994708994709
4 0.45324900793650796 0.6274801587301587 0.11284722222222222 0.3290343915343915
0 0.5840773809523809 0.47040343915343913 0.04712301587301587 0.07771164021164022
0 0.044642857142857144 0.46048280423280424 0.0496031746031746 0.08763227513227513
0 0.18229166666666666 0.4505621693121693 0.034722222222222224 0.054563492063492064
3 0.10664682539682539 0.4323743386243386 0.07688492063492064 0.15707671957671956
0 0.16183035714285715 0.5886243386243386 0.07316468253968254 0.21825396825396826
4 0.09734623015873016 0.5902777777777778 0.07564484126984126 0.23148148148148148
4 0.3317212301587302 0.5911044973544973 0.0954861111111111 0.23644179894179895
4 0.27901785714285715 0.5563822751322751 0.09424603174603174 0.19675925925925927
4 0.20337301587301587 0.48032407407407407 0.052083333333333336 0.0744047619047619
0 0.4166666666666667 0.47784391534391535 0.034722222222222224 0.06613756613756613
2 0.23623511904761904 0.44229497354497355 0.035962301587301584 0.04794973544973545
4 0.39228670634920637 0.43830357142857146 0.032442956349206346 0.0679728835978836
4 0.3565352182539682 0.4811177248677249 0.04568452380952381 0.0794510582010582
4 0.3174702380952381 0.451984126984127 0.041711309523809526 0.06709325396825397
4 0.2820486111111111 0.41490740740740745 0.03310515873015873 0.04943452380952381
4 0.34726438492063494 0.4153505291005291 0.031118551587301587 0.046789021164021165
4 0.37507192460317457 0.42285383597883597 0.01920138888888889 0.04943452380952381
4 0.06554563492063491 0.4255026455026455 0.027807539682539684 0.04590608465608465
4 0.5538368055555556 0.42020502645502644 0.02582093253968254 0.056498015873015874