8 0.8741824229691877 0.6870518207282913 0.11204481792717087 0.23031512605042015
4 0.17390231092436975 0.6434803921568628 0.12254901960784313 0.20074696545284781
4 0.3941999299719888 0.6683776844070961 0.13247023809523809 0.23653828197945845
0 0.5937797619047619 0.6438678804855276 0.08461659663865546 0.19530112044817927
4 0.7962762605042016 0.5742296918767507 0.0857843137254902 0.16184173669467788
4 0.7773109243697479 0.5003104575163398 0.031512605042016806 0.06380252100840336
4 0.7221638655462185 0.518984593837535 0.05543942577030812 0.10270774976657329
2 0.7554271708683473 0.48241596638655465 0.02859418767507003 0.04512838468720822
4 0.6801470588235294 0.4796918767507003 0.04843662464985995 0.07858776844070962
4 0.6463007703081233 0.45712651727357606 0.040266106442577033 0.08325630252100841
4 0.6174142156862745 0.4295051353874883 0.033846288515406164 0.06847105508870215
4 0.5806495098039216 0.5318230625583567 0.040849089635854346 0.07547385620915033
2 0.5584733893557423 0.45946078431372545 0.028011204481792718 0.04435107376283847
4 0.44380252100840334 0.46996498599439773 0.030929621848739493 0.05757936507936508
5 0.30695553221288513 0.5431069094304388 0.06535889355742297 0.12449346405228759
4 0.3489723389355742 0.48475023342670404 0.049019607843137254 0.08403361344537816
4 0.46130952380952384 0.44467787114845936 0.023926820728291314 0.049019607843137254
4 0.479108893557423 0.4275606909430439 0.024509803921568627 0.04279411764705883
4 0.5593487394957983 0.4341736694677871 0.02159138655462185 0.03890522875816993
4 0.3758175770308123 0.42678104575163395 0.023342086834733895 0.0521311858076564