4 0.18312324929971988 0.7990196078431373 0.36624649859943975 0.4019607843137255
4 0.4497549019607843 0.7176540616246498 0.27275910364145656 0.4166316526610644
4 0.6085434173669467 0.6285294117647059 0.1876750700280112 0.30374416433239965
4 0.7011554621848739 0.531234827264239 0.13130252100840337 0.22586601307189544
4 0.10871848739495799 0.541265172735761 0.16491596638655462 0.2505952380952381
4 0.27398459383753504 0.5321755368814193 0.14530812324929973 0.17172735760971053
4 0.4009103641456583 0.48107376283846875 0.11554621848739496 0.15822595704948647
4 0.20675770308123248 0.4437418300653595 0.09488795518207283 0.12091269841269842
4 0.297093837535014 0.41084033613445375 0.07948179271708683 0.11579831932773109
6 0.8023459383753502 0.43369981325863677 0.10259103641456582 0.17085667600373483
3 0.6153711484593838 0.40523576097105507 0.10679271708683473 0.14193744164332397