4 0.9098462301587301 0.8343915343915344 0.16790674603174602 0.2858498677248677
4 0.6866319444444444 0.7922420634920634 0.1579861111111111 0.29083333333333333
4 0.861359126984127 0.6939153439153439 0.09821428571428571 0.14378637566137567
4 0.9114583333333334 0.5873115079365079 0.08928571428571429 0.09261243386243387
4 0.9322916666666666 0.5340873015873016 0.08134920634920635 0.08537367724867725
4 0.7624007936507936 0.6049933862433863 0.06398809523809523 0.11805555555555555
4 0.7810019841269841 0.551114417989418 0.05654761904761905 0.08304894179894179
4 0.8077876984126984 0.533587962962963 0.07043650793650794 0.10752314814814815
4 0.7328869047619048 0.49161044973544976 0.03968253968253968 0.06986111111111111
4 0.7023809523809523 0.5157374338624339 0.053075396825396824 0.09827711640211641
4 0.6569940476190477 0.5605291005291005 0.06646825396825397 0.125026455026455
4 0.6103670634920635 0.6159027777777778 0.08234126984126984 0.12003306878306878
4 0.5250496031746031 0.7000198412698413 0.11011904761904762 0.21882275132275134
4 0.4236111111111111 0.6279497354497354 0.08085317460317461 0.23341600529100529
4 0.5162450396825397 0.5449966931216931 0.040426587301587304 0.08734788359788359
6 0.5658482142857143 0.501359126984127 0.050347222222222224 0.09266534391534392
4 0.6099950396825397 0.5038425925925926 0.03943452380952381 0.07448412698412699
4 0.30431547619047616 0.6226686507936509 0.09523809523809523 0.19639219576719577
4 0.24330357142857142 0.5729199735449736 0.07242063492063493 0.15311838624338622
4 0.14955357142857142 0.6431613756613757 0.1130952380952381 0.21092592592592593
0 0.3723958333333333 0.47475198412698416 0.040426587301587304 0.06921296296296296
0 0.4182787698412698 0.4701256613756614 0.028025793650793652 0.04673611111111112
4 0.33035714285714285 0.5094642857142857 0.043154761904761904 0.0658829365079365
4 0.2867063492063492 0.5032771164021165 0.057539682539682536 0.06255291005291005
4 0.3189484126984127 0.45049603174603176 0.039352678571428566 0.05178902116402117
4 0.300265376984127 0.4558994708994709 0.03836061507936508 0.042748015873015875
4 0.25760664682539686 0.44532076719576724 0.025793650793650792 0.03922949735449735
4 0.17526537698412697 0.4406911375661376 0.03968253968253968 0.034381613756613756
4 0.24603174603174602 0.46691798941798945 0.03571428571428571 0.03833333333333334
4 0.17939732142857143 0.5260912698412699 0.07109871031746032 0.048654100529100526
4 0.09060763888888888 0.5712599206349206 0.05555555555555555 0.10813161375661376
4 0.11441716269841269 0.4863062169312169 0.05687748015873016 0.07710978835978836
4 0.35135664682539686 0.45534722222222224 0.0248015873015873 0.035036375661375664
0 0.28381200396825396 0.44609126984126984 0.023643353174603175 0.04297619047619048
6 0.21941220238095238 0.4782671957671958 0.03869047619047619 0.05441468253968254
4 0.4004637896825397 0.530271164021164 0.05357142857142857 0.087880291005291
3 0.04811507936507937 0.5924933862433862 0.07969494047619047 0.34239087301587307