4 0.3739495798319328 0.7570028011204482 0.4327731092436975 0.48599439775910364
4 0.16176470588235295 0.5533940242763772 0.19047619047619047 0.27485527544351074
4 0.38953081232493 0.4719584500466853 0.16631652661064425 0.24737161531279178
4 0.09873949579831932 0.4320704948646125 0.09243697478991597 0.14425536881419235
4 0.26785714285714285 0.42226657329598505 0.11554621848739496 0.17133053221288516
4 0.4579831932773109 0.3756022408963585 0.08263305322128851 0.1340219421101774
4 0.7016806722689075 0.6443720821661998 0.30392156862745096 0.4661484593837535
4 0.8693977591036415 0.5557142857142857 0.2612044817927171 0.3635294117647059
4 0.5392156862745098 0.45049953314659197 0.11904761904761904 0.1857796451914099
4 0.6412815126050421 0.40779878618113913 0.11659663865546219 0.170406162464986
4 0.5665266106442577 0.3445681605975724 0.10364145658263306 0.11397292250233426
3 0.9093137254901961 0.31888655462184873 0.16596638655462184 0.20266339869281047