4 0.7965686274509803 0.5503034547152195 0.11904761904761904 0.20658263305322128
4 0.3645833333333333 0.6255835667600373 0.13217787114845939 0.2357609710550887
4 0.28405112044817926 0.5736461251167133 0.1094187675070028 0.14122315592903828
4 0.20658263305322128 0.5287114845938375 0.0822829131652661 0.14472455648926238
4 0.16237745098039216 0.48786181139122314 0.06565126050420168 0.1283846872082166
4 0.11773459383753501 0.47327264239028943 0.0586484593837535 0.103874883286648
4 0.6945903361344538 0.5234593837535014 0.07965686274509803 0.14822595704948646
4 0.6022408963585434 0.5106209150326797 0.07177871148459383 0.12721755368814192
4 0.5011379551820728 0.4756069094304388 0.07090336134453781 0.11788048552754435
4 0.4162289915966387 0.46043417366946776 0.06214985994397759 0.08753501400560224
4 0.37246148459383754 0.4452614379084967 0.044642857142857144 0.08053221288515407
4 0.34620098039215685 0.4300887021475257 0.03939075630252101 0.09220354808590103
4 0.30943627450980393 0.4295051353874883 0.05164565826330532 0.07703081232492998