3 0.11594742063492064 0.3654100529100529 0.053323412698412696 0.13558201058201058
4 0.08494543650793651 0.4720568783068783 0.0954861111111111 0.18683862433862433
4 0.09672619047619048 0.7208994708994709 0.19345238095238096 0.419973544973545
4 0.3658234126984127 0.6597222222222222 0.1909722222222222 0.30092592592592593
4 0.7111855158730159 0.6845238095238095 0.2095734126984127 0.3373015873015873
4 0.7849702380952381 0.44477513227513227 0.062003968253968256 0.13558201058201058
4 0.5462549603174603 0.47040343915343913 0.09796626984126984 0.1703042328042328
6 0.4210069444444444 0.4695767195767196 0.0954861111111111 0.1984126984126984
4 0.29017857142857145 0.46709656084656087 0.09672619047619048 0.13723544973544974
4 0.326140873015873 0.41335978835978837 0.0744047619047619 0.0992063492063492
4 0.7099454365079365 0.49437830687830686 0.14756944444444445 0.16534391534391535
4 0.6467013888888888 0.4158399470899471 0.09796626984126984 0.13392857142857142