8 0.8836334325396825 0.6722751322751322 0.1336904761904762 0.32255621693121694
8 0.7489880952380953 0.540704365079365 0.07830357142857143 0.13241732804232803
8 0.5118452380952382 0.7028339947089947 0.10822668650793651 0.20711640211640214
4 0.2454191468253968 0.7304199735449736 0.15597222222222223 0.29115079365079366
4 0.45263888888888887 0.6243154761904762 0.0980406746031746 0.15703373015873015
4 0.5637301587301587 0.5436772486772486 0.0668452380952381 0.11968584656084656
4 0.6407614087301587 0.6204960317460317 0.09613095238095239 0.2122089947089947
4 0.6891443452380953 0.49741402116402117 0.0490203373015873 0.11034722222222222
4 0.6264384920634921 0.47364748677248675 0.04711061507936508 0.09676587301587301
4 0.5560912698412698 0.43884589947089947 0.03374007936507936 0.04583664021164022
0 0.5089806547619048 0.4129563492063492 0.032467757936507934 0.056871693121693115
0 0.3472792658730159 0.40319444444444447 0.02355406746031746 0.03225529100529101
0 0.44436259920634924 0.44139219576719574 0.03692460317460317 0.054325396825396825
4 0.4946577380952381 0.49784060846560846 0.04711061507936508 0.09421957671957673
4 0.5395386904761905 0.4999603174603175 0.02355406746031746 0.06281415343915343
4 0.4634623015873016 0.38918981481481485 0.03055803571428571 0.03989417989417989
2 0.3905679563492063 0.3989517195767196 0.03119543650793651 0.054325396825396825
2 0.42622023809523807 0.40319444444444447 0.02228174603174603 0.04583664021164022
4 0.2444642857142857 0.467281746031746 0.0381969246031746 0.06366071428571428
4 0.41857886904761904 0.5419775132275132 0.045200892857142856 0.08743055555555555
4 0.37401537698412696 0.5203339947089947 0.05029265873015873 0.0882771164021164