4 0.10110294117647059 0.6576797385620915 0.13567927170868346 0.24626517273576098
4 0.2262780112044818 0.7282913165266106 0.13217787114845939 0.3104575163398693
4 0.2621673669467787 0.5503034547152195 0.07265406162464987 0.15056022408963585
8 0.3435749299719888 0.6360877684407096 0.08490896358543418 0.22875816993464052
8 0.4363620448179272 0.5905695611577965 0.07265406162464987 0.1400560224089636
2 0.38340336134453784 0.4995331465919701 0.0857843137254902 0.12371615312791784
4 0.49107142857142855 0.5573062558356676 0.07528011204481792 0.11087768440709617
4 0.46130952380952384 0.4796918767507003 0.061274509803921566 0.08169934640522876
4 0.5435924369747899 0.5141223155929038 0.056022408963585436 0.12254901960784313
4 0.5002626050420168 0.7382119514472456 0.13567927170868346 0.3069561157796452
4 0.5681022408963585 0.6600140056022409 0.1207983193277311 0.1762371615312792
4 0.626313025210084 0.6121615312791784 0.07965686274509803 0.1715686274509804
2 0.9497549019607843 0.5689775910364145 0.09103641456582633 0.11554621848739496
4 0.511204481792717 0.4662698412698413 0.04376750700280112 0.05718954248366013
4 0.6622023809523809 0.5409663865546218 0.05164565826330532 0.12488328664799253
4 0.8766631652661064 0.6378384687208216 0.11992296918767507 0.16223155929038283
8 0.7641806722689075 0.9337068160597572 0.6994047619047619 0.8345004668534081 0.7466736694677871 0.7586367880485527 0.8026960784313726 0.6804388422035481 0.9173669467787114 0.7668067226890757 0.9331232492997199 0.8998599439775911 0.8473389355742297 0.9997665732959851 0.7641806722689075 0.9997665732959851
4 0.6906512605042017 0.9967320261437909 0.7046568627450981 0.80765639589169 0.7755602240896359 0.6991129785247432 0.8639705882352942 0.7014472455648926 0.8709733893557423 0.830999066293184 0.8018207282913166 0.888188608776844 0.7729341736694678 0.9997665732959851
5 0.6565126050420168 0.5123716153127917 0.5943627450980392 0.47619047619047616 0.6074929971988795 0.4260037348272642 0.6390056022408963 0.43300653594771243 0.6556372549019608 0.4726890756302521
4 0.8911064425770309 0.5007002801120448 0.05427170868347339 0.05368814192343604
4 0.8727240896358543 0.5456349206349206 0.07352941176470588 0.07119514472455649
4 0.8709733893557423 0.4715219421101774 0.040266106442577033 0.05835667600373483
0 0.7930672268907563 0.45401493930905695 0.028011204481792718 0.06069094304388422
5 0.7628676470588235 0.47619047619047616 0.05164565826330532 0.11671335200746966
4 0.6551995798319328 0.4470121381886088 0.02888655462184874 0.05835667600373483
4 0.5886729691876751 0.4376750700280112 0.03413865546218487 0.05835667600373483
4 0.5575980392156863 0.4411764705882353 0.03851540616246499 0.06302521008403361
6 0.7252275910364145 0.49369747899159666 0.0428921568627451 0.07236227824463119
4 0.6932773109243697 0.43825863678804855 0.02976190476190476 0.0641923436041083