4 0.6886582341269841 0.7639649470899471 0.14384920634920634 0.3480357142857143
4 0.9150124007936508 0.7860152116402116 0.16997271825396826 0.26868055555555553
4 0.8658234126984127 0.6595337301587302 0.07589285714285714 0.14798941798941798
4 0.8833506944444445 0.5516666666666666 0.051421130952380954 0.06232473544973545
4 0.7838120039682539 0.5091699735449735 0.057373511904761906 0.05890542328042328
4 0.800843253968254 0.464431216931217 0.0418328373015873 0.06202050264550265
4 0.7503298611111111 0.5509325396825396 0.051587301587301584 0.06527116402116402
4 0.6070610119047619 0.5750562169312169 0.07093253968253968 0.13335648148148146
4 0.647155257936508 0.5215079365079365 0.05687748015873016 0.10121362433862434
4 0.6961805555555556 0.4906547619047619 0.040840773809523806 0.09241732804232805
4 0.7324727182539682 0.482390873015873 0.03571428571428571 0.0736904761904762
4 0.5195114087301588 0.665515873015873 0.09259176587301587 0.20625000000000002
4 0.510250496031746 0.5219510582010582 0.047619047619047616 0.08446428571428571
4 0.6187996031746031 0.46795965608465606 0.031579861111111114 0.05143849206349207
4 0.5462127976190476 0.42619708994708994 0.03521825396825397 0.05388888888888889
4 0.4334499007936508 0.5930059523809523 0.08085317460317461 0.2155522486772487
6 0.5621701388888889 0.492417328042328 0.052249503968253966 0.09594246031746032
4 0.3997197420634921 0.516875 0.053075396825396824 0.11399801587301588
4 0.30720982142857145 0.6040343915343915 0.1001984126984127 0.18249338624338624
4 0.2353670634920635 0.5469642857142857 0.07060267857142857 0.11685185185185186
4 0.3461483134920635 0.4972718253968254 0.05406746031746032 0.06817791005291005
4 0.29778521825396825 0.47148478835978835 0.051587301587301584 0.07392526455026456
4 0.1925421626984127 0.5045436507936508 0.06101190476190476 0.07831349206349206
4 0.10441468253968254 0.4588161375661376 0.06001984126984127 0.06401455026455027
4 0.3288690476190476 0.4212433862433862 0.027777777777777776 0.043984788359788356
4 0.3583829365079365 0.4271957671957672 0.019015376984126985 0.03384259259259259
4 0.37681795634920634 0.45165343915343914 0.037698412698412696 0.06953042328042328
4 0.10978918650793651 0.42697420634920635 0.02943204365079365 0.03780753968253968
0 0.0913516865079365 0.4905522486772487 0.03720238095238095 0.05694444444444444
0 0.14897569444444445 0.6051289682539683 0.10449652777777778 0.2155522486772487
2 0.06770833333333333 0.586954365079365 0.10069444444444445 0.16817460317460317
3 0.022983630952380953 0.5251124338624339 0.045964781746031746 0.3112466931216931
4 0.17592509920634922 0.4340244708994709 0.031083829365079366 0.03868055555555556
4 0.20692708333333334 0.4273048941798942 0.02199156746031746 0.027447089947089946
4 0.2503298611111111 0.4515410052910053 0.03439236111111111 0.05828703703703703
4 0.25959077380952383 0.426087962962963 0.033067956349206354 0.058082010582010575
4 0.2884424603174603 0.4199206349206349 0.022983630952380953 0.028111772486772487
5 0.22544642857142858 0.46344246031746034 0.05241319444444445 0.05563492063492064