4 0.9474206349206349 0.5100859788359788 0.06696428571428571 0.10747354497354497
4 0.6845238095238095 0.6944444444444444 0.11408730158730158 0.25132275132275134
4 0.9213789682539683 0.7118055555555556 0.10912698412698413 0.30257936507936506
4 0.8506944444444444 0.5572089947089947 0.08432539682539683 0.11243386243386243
4 0.7874503968253969 0.501818783068783 0.07192460317460317 0.1306216931216931
4 0.6746031746031746 0.5580357142857143 0.09424603174603174 0.1173941798941799
4 0.4898313492063492 0.6241732804232805 0.10912698412698413 0.226521164021164
4 0.4935515873015873 0.47867063492063494 0.054563492063492064 0.09755291005291006
4 0.3304811507936508 0.753968253968254 0.16741071428571427 0.333994708994709
4 0.18353174603174602 0.6721230158730159 0.13640873015873015 0.35548941798941797
4 0.04712301587301587 0.5547288359788359 0.0818452380952381 0.25297619047619047
4 0.30939980158730157 0.500165343915344 0.078125 0.12731481481481483
4 0.17547123015873015 0.4513888888888889 0.05828373015873016 0.13558201058201058
4 0.2275545634920635 0.4174933862433862 0.053323412698412696 0.10085978835978836
4 0.6541418650793651 0.46709656084656087 0.06076388888888889 0.10416666666666667
4 0.7564484126984127 0.44312169312169314 0.04712301587301587 0.10582010582010581
4 0.7049851190476191 0.4001322751322751 0.035962301587301584 0.06944444444444445
4 0.6237599206349206 0.37533068783068785 0.03720238095238095 0.0496031746031746
4 0.5375744047619048 0.4017857142857143 0.031001984126984128 0.05291005291005291
4 0.42224702380952384 0.4365079365079365 0.043402777777777776 0.07605820105820106
4 0.42844742063492064 0.39186507936507936 0.04836309523809524 0.06283068783068783
4 0.37202380952380953 0.44560185185185186 0.052083333333333336 0.08101851851851852
0 0.7328869047619048 0.40674603174603174 0.032242063492063495 0.05952380952380952
0 0.2951388888888889 0.4088128306878307 0.05084325396825397 0.09011243386243387
4 0.31963045634920634 0.3802910052910053 0.02914186507936508 0.056216931216931214
4 0.515562996031746 0.38855820105820105 0.027901785714285716 0.05125661375661376