3 0.0862219887955182 0.7749766573295985 0.15493697478991597 0.3968253968253968
4 0.30287114845938373 0.7014472455648926 0.07878151260504201 0.18907563025210083
4 0.23328081232492998 0.675186741363212 0.0586484593837535 0.12488328664799253
4 0.8943452380952381 0.8699813258636788 0.2113095238095238 0.2600373482726424
4 0.9580707282913166 0.6124883286647993 0.048144257703081235 0.08753501400560224
4 0.7628676470588235 0.6994397759103642 0.06039915966386555 0.12605042016806722
4 0.4634978991596639 0.6918534080298786 0.06214985994397759 0.19257703081232494
4 0.5768557422969187 0.7525443510737628 0.09803921568627451 0.2556022408963585
5 0.9221813725490197 0.6918534080298786 0.0744047619047619 0.11087768440709617
4 0.7965686274509803 0.6428338001867414 0.04551820728291316 0.08053221288515407
4 0.8490896358543417 0.6130718954248366 0.040266106442577033 0.07469654528478058
4 0.6521358543417367 0.6410830999066294 0.04726890756302521 0.08636788048552754
4 0.6801470588235294 0.7828898225957049 0.09628851540616247 0.299953314659197
4 0.4057247899159664 0.640499533146592 0.04639355742296919 0.12254901960784313
4 0.5523459383753502 0.627077497665733 0.049019607843137254 0.07936507936507936
4 0.8792892156862745 0.6008169934640523 0.03238795518207283 0.0665266106442577
4 0.3475140056022409 0.5552987861811391 0.024509803921568627 0.03851540616246499
0 0.5466561624649859 0.5698879551820728 0.023634453781512604 0.04201680672268908
0 0.027135854341736695 0.5938141923436041 0.049019607843137254 0.1015406162464986
0 0.18644957983193278 0.6183239962651728 0.061274509803921566 0.10620915032679738
0 0.31468837535014005 0.5809757236227825 0.023634453781512604 0.04785247432306256
5 0.3755252100840336 0.5891456582633053 0.031512605042016806 0.05485527544351074
5 0.7523634453781513 0.6101540616246499 0.04114145658263305 0.050186741363211954
5 0.7160364145658263 0.628828197945845 0.0507703081232493 0.11321195144724557
5 0.508140756302521 0.5768907563025211 0.03413865546218487 0.07936507936507936
4 0.45999649859943975 0.5471288515406163 0.027135854341736695 0.04084967320261438
5 0.43110994397759106 0.5821428571428572 0.03238795518207283 0.05485527544351074
5 0.32519257703081234 0.5517973856209151 0.020133053221288517 0.04551820728291316
2 0.49107142857142855 0.5681372549019608 0.024509803921568627 0.06185807656395892
4 0.2599789915966387 0.5792250233426705 0.061274509803921566 0.05368814192343604
4 0.2604166666666667 0.5512138188608777 0.03238795518207283 0.032679738562091505