4 0.5376400560224089 0.6616666666666666 0.14740896358543418 0.30465686274509807
4 0.6422443977591037 0.6370494864612511 0.12027310924369748 0.2932376283846872
4 0.7254901960784313 0.5796521942110178 0.08543417366946779 0.24380485527544352
4 0.804796918767507 0.5444140989729225 0.07247899159663866 0.2526937441643324
4 0.8533788515406162 0.5257539682539683 0.07370448179271709 0.19669934640522876
4 0.34541316526610644 0.5524719887955182 0.08508403361344538 0.20111811391223156
4 0.422093837535014 0.5469911297852474 0.0703781512605042 0.18781979458450046
4 0.4954481792717087 0.47827964519140986 0.07352941176470588 0.1180905695611578
4 0.5773809523809523 0.4701073762838469 0.06932773109243698 0.14376517273576098
4 0.11195728291316527 0.5914355742296918 0.12762605042016806 0.24636321195144725
4 0.050070028011204484 0.5383566760037348 0.09313725490196079 0.18455882352941175
4 0.42962184873949577 0.4463095238095238 0.06092436974789916 0.11484360410830999
4 0.3560924369747899 0.45284780578898226 0.07492997198879552 0.09990429505135388
6 0.25210084033613445 0.49414565826330537 0.07703081232492998 0.1311484593837535