4 0.1212359943977591 0.5952380952380952 0.1094187675070028 0.18907563025210083
4 0.03851540616246499 0.5456349206349206 0.07703081232492998 0.14355742296918766
4 0.24816176470588236 0.5164565826330533 0.06915266106442577 0.09220354808590103
4 0.5050770308123249 0.6104108309990663 0.10679271708683473 0.1657329598506069
4 0.3475140056022409 0.5333800186741363 0.08053221288515407 0.1377217553688142
4 0.42498249299719887 0.5415499533146592 0.0744047619047619 0.12371615312791784
4 0.8355217086834734 0.49019607843137253 0.06214985994397759 0.11204481792717087
4 0.781687675070028 0.5001167133520075 0.0700280112044818 0.12488328664799253
4 0.7147233893557423 0.5374649859943977 0.08140756302521009 0.16223155929038283
4 0.6127450980392157 0.582983193277311 0.09103641456582633 0.15756302521008403
4 0.5716036414565826 0.480859010270775 0.06302521008403361 0.10971055088702147
4 0.49107142857142855 0.5036181139122315 0.08053221288515407 0.0992063492063492
4 0.3553921568627451 0.46743697478991597 0.052521008403361345 0.08520074696545285
6 0.4258578431372549 0.4639355742296919 0.048144257703081235 0.09687208216619982