4 0.6066176470588235 0.7253734827264239 0.10854341736694678 0.2976190476190476
4 0.9192927170868347 0.8559757236227824 0.16141456582633054 0.2880485527544351
4 0.8285189075630253 0.5964052287581699 0.05514705882352941 0.09803921568627451
4 0.8832282913165266 0.5736461251167133 0.04201680672268908 0.08986928104575163
4 0.9195553221288515 0.5514705882352942 0.03939075630252101 0.06185807656395892
6 0.9405637254901961 0.6804388422035481 0.10066526610644258 0.10037348272642391
0 0.43592436974789917 0.5899859943977591 0.0507703081232493 0.12254901960784313
0 0.27179621848739494 0.626750700280112 0.07265406162464987 0.14939309056956115
0 0.741421568627451 0.5724789915966386 0.052521008403361345 0.08986928104575163
0 0.4950105042016807 0.5526377217553688 0.04639355742296919 0.050186741363211954
0 0.4026610644257703 0.5368814192343604 0.031512605042016806 0.05368814192343604
4 0.6805847338935574 0.5993230625583567 0.04639355742296919 0.10620915032679738
4 0.7195378151260504 0.7072829131652661 0.10329131652661064 0.2661064425770308
4 0.3376698179271709 0.6605112044817928 0.08593312324929972 0.1968043884220355
4 0.4804709383753501 0.6534337068160597 0.07430672268907564 0.16108309990662933
4 0.5156022408963585 0.5169514472455649 0.02325280112044818 0.04987628384687208
4 0.5368329831932773 0.5297572362278244 0.029318977591036414 0.06874649859943978
4 0.22519782913165265 0.5803057889822596 0.06824229691876751 0.12536181139122315
4 0.3702731092436975 0.5816526610644258 0.05610994397759104 0.09301120448179272
6 0.48653711484593837 0.5014495798319328 0.02679096638655462 0.04718020541549953
4 0.5727240896358543 0.5890686274509804 0.04852766106442577 0.09570728291316527
0 0.578030462184874 0.5220051353874883 0.03184523809523809 0.05054855275443511
6 0.34601015406162466 0.53312558356676 0.020724789915966386 0.045830999066293183
5 0.06723039215686274 0.5573902894491131 0.06066001400560224 0.10514239028944912
3 0.13243872549019609 0.7033216619981326 0.17894432773109242 0.3713958916900093