4 0.9036458333333334 0.827228835978836 0.19270833333333334 0.34554232804232804
4 0.5359623015873016 0.6700462962962963 0.12202380952380952 0.24155092592592595
4 0.6917162698412699 0.7521891534391534 0.15575396825396826 0.28348214285714285
4 0.8545386904761905 0.6679100529100529 0.10193452380952381 0.16122023809523808
4 0.9014136904761905 0.5742030423280423 0.10143849206349206 0.07631613756613756
4 0.9259672619047619 0.5006481481481482 0.09598214285714286 0.09124007936507937
4 0.8112599206349206 0.4756878306878307 0.057539682539682536 0.09092592592592592
4 0.7889384920634921 0.5226322751322752 0.05257936507936508 0.07899470899470899
4 0.7627728174603174 0.5728769841269842 0.06721230158730158 0.10011904761904762
4 0.6247519841269841 0.5761772486772486 0.07142857142857142 0.14639880952380951
4 0.6537698412698413 0.5358465608465609 0.06498015873015874 0.13188161375661375
4 0.7039930555555556 0.49882605820105824 0.05381944444444445 0.11074735449735448
4 0.7347470238095238 0.46907738095238094 0.045882936507936505 0.07770502645502646
4 0.6232638888888888 0.478994708994709 0.04861111111111111 0.08431216931216931
4 0.6411210317460317 0.4452810846560846 0.0248015873015873 0.04333994708994709
4 0.5146329365079365 0.5231250000000001 0.05952380952380952 0.09651455026455028
4 0.5546875 0.4247850529100529 0.03298611111111111 0.04203042328042328
4 0.44072420634920634 0.6032705026455026 0.09027777777777778 0.22704695767195768
4 0.31845238095238093 0.5973280423280423 0.09871031746031746 0.18870039682539683
4 0.24677579365079366 0.5386574074074074 0.08928571428571429 0.1341931216931217
4 0.16331845238095238 0.6064153439153439 0.10342261904761904 0.2101851851851852
4 0.09350198412698413 0.5727083333333333 0.09027777777777778 0.1295436507936508
4 0.11557539682539683 0.4585019841269841 0.06001984126984127 0.06977843915343915
4 0.1939484126984127 0.4854431216931217 0.05803571428571429 0.06083664021164021
4 0.3033234126984127 0.4629662698412698 0.04365079365079365 0.05556216931216931
4 0.37375992063492064 0.4578339947089947 0.04563492063492063 0.09490410052910053
4 0.39273313492063494 0.4108994708994709 0.021577380952380952 0.04071759259259259
4 0.4104662698412698 0.4254497354497354 0.01984126984126984 0.030128968253968255
4 0.25876240079365076 0.44555555555555554 0.03802827380952381 0.048518518518518516
4 0.26992311507936506 0.4161342592592593 0.028936011904761905 0.04919973544973545
4 0.09432787698412698 0.4952546296296297 0.054729662698412694 0.053115079365079365
5 0.5674603174603174 0.4910582010582011 0.06349206349206349 0.09323082010582011
5 0.20403521825396825 0.41029431216931217 0.057539682539682536 0.048541666666666664
4 0.331515376984127 0.4217526455026455 0.03802827380952381 0.05382275132275132
4 0.3041493055555555 0.4134920634920635 0.034556051587301594 0.03509589947089947
4 0.4050917658730159 0.503396164021164 0.042988591269841274 0.11790674603174603
4 0.34871031746031744 0.4894080687830688 0.059193948412698406 0.07890542328042328
3 0.044362599206349204 0.6320767195767196 0.07549603174603174 0.5075429894179894